5 7 0.0010368824005126953 1 1 2 2
5 6 0.001020193099975586 2 2 2 2
5 7 0.0008635520935058594 1 1 2 2
5 7 0.0008461475372314453 1 1 2 2
5 6 0.0008208751678466797 2 2 2 2
5 6 0.0008194446563720703 2 2 2 2
5 7 0.0009768009185791016 1 1 2 2
5 6 0.0009665489196777344 2 2 2 2
5 5 0.0008597373962402344 2 2 2 2
5 6 0.0008516311645507812 2 2 2 2
6 9 0.0012454986572265625 1 1 2 3
6 7 0.0011603832244873047 2 2 2 3
6 7 0.0011878013610839844 2 2 2 3
6 7 0.0012128353118896484 2 2 3 3
6 8 0.0011739730834960938 2 2 2 3
6 6 0.0011038780212402344 3 3 3 3
6 8 0.0011699199676513672 2 2 2 3
6 8 0.0011925697326660156 2 2 2 3
6 7 0.0012235641479492188 2 2 2 3
6 9 0.001346588134765625 1 1 2 3
7 11 0.0020246505737304688 2 1 2 3
7 9 0.0016620159149169922 2 2 2 3
7 10 0.001791238784790039 2 2 2 3
7 9 0.0017962455749511719 2 2 2 3
7 9 0.001645803451538086 2 2 2 3
7 9 0.002016782760620117 2 2 2 3
7 10 0.0017917156219482422 2 2 2 3
7 10 0.001969575881958008 2 2 2 3
7 11 0.001970052719116211 1 1 2 2
7 10 0.0018093585968017578 2 2 2 3
8 11 0.0024776458740234375 2 2 3 3
8 10 0.003770112991333008 3 3 3 3
8 12 0.003901958465576172 2 2 2 4
8 11 0.004073381423950195 2 2 2 3
8 11 0.0043108463287353516 2 2 3 3
8 12 0.002415180206298828 2 2 2 4
8 11 0.0024094581604003906 2 2 2 3
8 9 0.002223968505859375 3 3 3 4
8 10 0.002414703369140625 3 3 3 3
8 12 0.0024819374084472656 2 2 2 3
9 14 0.003337860107421875 2 2 2 3
9 13 0.0032699108123779297 2 2 3 3
9 13 0.003301382064819336 2 2 3 4
9 11 0.003126859664916992 3 3 3 4
9 13 0.003714323043823242 2 2 2 3
9 12 0.003226041793823242 2 2 3 4
9 13 0.0034027099609375 2 2 3 3
9 15 0.0035276412963867188 2 1 2 3
9 11 0.002997875213623047 3 3 3 4
9 12 0.003112316131591797 2 2 2 4
10 13 0.007403373718261719 2 2 3 4
10 12 0.006795406341552734 3 3 3 4
10 12 0.003896951675415039 3 3 3 4
10 16 0.004887104034423828 2 2 3 3
10 13 0.00396418571472168 3 3 3 4
10 14 0.004384040832519531 2 2 3 4
10 12 0.0038785934448242188 3 3 3 4
10 15 0.004334211349487305 2 2 3 4
10 12 0.0040264129638671875 3 3 3 4
10 12 0.00386810302734375 4 4 4 4
11 16 0.0058863162994384766 2 2 3 4
11 18 0.007046699523925781 2 2 3 4
11 16 0.010519742965698242 2 2 3 3
11 14 0.005045413970947266 3 3 3 5
11 17 0.005875110626220703 2 2 2 4
11 15 0.004914283752441406 3 3 3 5
11 17 0.005732059478759766 2 2 2 4
11 16 0.00586700439453125 2 2 3 4
11 16 0.005601167678833008 2 2 3 4
11 17 0.005895853042602539 2 2 3 4
12 15 0.0067479610443115234 3 3 4 5
12 18 0.007267475128173828 2 2 3 4
12 16 0.0065593719482421875 3 3 3 5
12 17 0.008767366409301758 3 2 3 5
12 17 0.008748531341552734 2 2 3 5
12 15 0.007620096206665039 3 3 3 5
12 15 0.006699085235595703 4 4 4 6
12 17 0.007494926452636719 2 2 3 4
12 18 0.006810903549194336 2 2 3 5
12 17 0.006428718566894531 3 3 3 5
13 15 0.006704092025756836 4 4 4 6
13 18 0.007691860198974609 3 3 3 5
13 18 0.008358955383300781 3 3 3 5
13 18 0.0074803829193115234 3 3 3 5
13 19 0.009720802307128906 2 2 3 4
13 20 0.009623527526855469 2 2 3 4
13 17 0.008132219314575195 4 4 4 5
13 20 0.011860132217407227 3 2 3 5
13 18 0.008288145065307617 2 2 3 5
13 21 0.009318351745605469 2 2 3 4
14 20 0.011595487594604492 3 3 3 5
14 23 0.012991666793823242 2 2 3 4
14 21 0.011403083801269531 2 2 4 5
14 18 0.009859323501586914 3 3 3 6
14 22 0.014913082122802734 3 2 3 4
14 20 0.012564420700073242 2 2 3 5
14 18 0.009035587310791016 4 4 4 6
14 21 0.010230541229248047 2 2 3 5
14 20 0.010487794876098633 3 3 4 5
14 22 0.01136922836303711 2 2 3 5
15 23 0.020852088928222656 3 2 3 4
15 23 0.024365901947021484 3 2 4 5
15 22 0.014786005020141602 2 2 4 4
15 20 0.04986214637756348 4 4 4 6
15 22 0.015340566635131836 2 2 3 4
15 22 0.014950990676879883 2 2 3 5
15 23 0.021024703979492188 3 2 4 5
15 24 0.013934850692749023 3 3 3 5
15 20 0.01218867301940918 3 3 4 6
15 21 0.012318134307861328 4 4 4 6
16 22 0.014951229095458984 4 4 4 6
16 22 0.018779516220092773 3 2 3 6
16 23 0.014938831329345703 2 2 3 6
16 23 0.017700910568237305 3 3 4 6
16 23 0.02110123634338379 3 2 3 5
16 26 0.016515016555786133 2 2 3 6
16 27 0.019520044326782227 2 2 4 5
16 24 0.015082359313964844 3 3 3 6
16 24 0.017429351806640625 3 3 3 5
16 24 0.018724441528320312 3 3 3 5
17 24 0.016440153121948242 5 5 5 7
17 24 0.027896642684936523 3 3 4 5
17 28 0.02118515968322754 2 2 3 6
17 30 0.022902965545654297 2 2 3 4
17 24 0.018596410751342773 3 3 3 6
17 26 0.025538206100463867 3 2 3 5
17 26 0.01756119728088379 3 3 3 6
17 27 0.024206161499023438 2 2 3 5
17 25 0.021212100982666016 3 3 3 6
17 26 0.022513628005981445 3 3 3 5
18 27 0.02410125732421875 3 3 4 6
18 27 0.026572704315185547 3 3 4 6
18 25 0.022003650665283203 3 3 4 7
18 26 0.022591352462768555 3 3 4 6
18 26 0.02798748016357422 3 3 4 5
18 26 0.019069910049438477 4 4 4 8
18 28 0.037142038345336914 3 2 4 5
18 28 0.02265763282775879 4 4 4 5
18 27 0.0252230167388916 3 3 4 5
18 28 0.04042959213256836 2 2 3 4
19 24 0.021490812301635742 6 6 6 7
19 30 0.035973548889160156 3 3 3 6
19 29 0.030724525451660156 3 3 4 5
19 24 0.020893335342407227 6 6 6 8
19 31 0.029333114624023438 2 2 3 5
19 31 0.059769630432128906 3 2 4 5
19 26 0.027749061584472656 4 4 4 7
19 29 0.03063678741455078 3 3 4 6
19 27 0.026366233825683594 2 2 3 6
19 26 0.026695966720581055 4 4 5 6
20 27 0.03216838836669922 3 3 3 7
20 31 0.03349423408508301 2 2 4 6
20 32 0.071014404296875 2 2 3 5
20 30 0.03984475135803223 3 3 3 6
20 30 0.03488874435424805 4 4 5 6
20 29 0.04081988334655762 3 2 4 6
20 30 0.03336668014526367 3 3 4 7
20 28 0.031015396118164062 4 4 4 7
20 27 0.02993464469909668 4 4 5 7
20 30 0.03449702262878418 3 3 5 6
21 27 0.031647682189941406 6 6 6 8
21 33 0.05939316749572754 3 2 4 5
21 34 0.05999040603637695 3 2 4 5
21 31 0.03911733627319336 3 3 4 6
21 32 0.04377126693725586 3 3 3 7
21 28 0.03212881088256836 5 5 5 8
21 30 0.04434800148010254 3 3 5 6
21 32 0.03719902038574219 4 4 4 7
21 28 0.04269146919250488 4 4 4 6
21 31 0.0432286262512207 3 3 4 7
22 33 0.04296755790710449 2 2 3 8
22 36 0.050293684005737305 3 3 5 6
22 33 0.04979681968688965 3 3 4 6
22 34 0.07511758804321289 3 2 4 5
22 36 0.05824160575866699 3 2 4 6
22 35 0.1313481330871582 4 3 5 6
22 33 0.050626277923583984 3 3 4 6
22 35 0.06049942970275879 3 3 4 5
22 32 0.050643205642700195 3 3 5 6
22 29 0.03351950645446777 6 6 6 9
23 34 0.05015301704406738 3 3 5 7
23 32 0.055864572525024414 4 4 4 6
23 36 0.09418940544128418 3 2 5 6
23 34 0.06246161460876465 3 2 4 6
23 35 0.05952930450439453 3 3 4 6
23 32 0.04726576805114746 5 5 5 7
23 36 0.05558323860168457 3 3 4 6
23 33 0.04190874099731445 4 4 4 9
23 36 0.1065523624420166 3 3 5 6
23 38 0.05025053024291992 3 3 3 8
24 39 0.06618332862854004 3 3 3 7
24 39 0.2696819305419922 3 2 4 5
24 38 0.07050657272338867 3 2 4 7
24 31 0.048554420471191406 5 5 5 8
24 38 0.08329463005065918 3 2 5 6
24 36 0.05195188522338867 4 4 5 8
24 35 0.05651569366455078 3 3 4 7
24 41 0.08134794235229492 3 2 3 7
24 35 0.06120133399963379 3 3 4 6
24 34 0.056293487548828125 3 3 4 8
25 38 0.0863199234008789 3 3 4 5
25 38 0.08359932899475098 3 3 5 6
25 41 0.06990504264831543 3 3 4 7
25 36 0.06422567367553711 4 4 5 7
25 39 0.06149744987487793 5 5 5 8
25 37 0.5915372371673584 5 5 6 7
25 36 0.060799598693847656 5 5 5 7
25 37 0.06484198570251465 3 3 4 7
25 37 0.06318449974060059 5 5 5 8
25 39 0.09676074981689453 3 3 5 6
26 42 0.08983612060546875 3 3 4 6
26 43 0.08448433876037598 3 3 4 6
26 39 0.07084417343139648 3 3 4 8
26 41 0.1775836944580078 4 3 4 8
26 40 0.09588980674743652 3 2 5 7
26 34 0.08827900886535645 8 8 8 10
26 37 0.06346631050109863 5 5 6 8
26 39 0.08691906929016113 3 3 4 6
26 38 0.06744742393493652 5 5 6 8
26 44 0.13116002082824707 3 2 4 6
27 45 0.13863110542297363 3 2 4 6
27 39 0.07311058044433594 6 6 6 9
27 36 0.07979393005371094 4 4 4 9
27 41 0.415834903717041 4 2 5 7
27 36 0.11990976333618164 4 4 5 10
27 39 0.09125590324401855 5 5 5 9
27 38 0.08608436584472656 3 3 4 8
27 41 0.33464884757995605 4 3 5 7
27 41 0.14290952682495117 3 2 4 7
27 42 0.11969470977783203 3 3 4 6
28 42 0.1226198673248291 3 3 5 6
28 42 0.845468282699585 4 3 5 7
28 40 0.09874081611633301 4 4 5 8
28 41 0.2712550163269043 5 5 6 8
28 44 0.2856411933898926 3 3 5 7
28 45 0.10894060134887695 3 3 4 7
28 45 0.11702179908752441 3 2 4 8
28 40 0.1146402359008789 4 4 5 7
28 40 0.08610153198242188 3 3 4 9
28 45 0.5457587242126465 4 3 5 7
29 43 0.11322569847106934 4 4 4 8
29 45 0.3494751453399658 4 3 6 8
29 45 0.12759065628051758 3 3 4 8
29 45 0.15151071548461914 3 2 5 7
29 46 0.11658096313476562 4 4 5 8
29 44 0.47700929641723633 4 3 5 8
29 40 0.14795541763305664 5 5 5 8
29 45 0.1437537670135498 3 3 5 7
29 45 0.13901352882385254 3 3 4 7
29 42 0.12063169479370117 4 4 5 8
30 45 0.44352197647094727 4 3 5 9
30 45 0.15525579452514648 3 3 4 7
30 49 0.13513469696044922 3 3 4 8
30 45 0.1796422004699707 3 3 5 7
30 41 0.09596657752990723 7 7 7 11
30 52 0.6174042224884033 3 2 4 6
30 48 1.1674582958221436 4 3 6 7
30 48 0.4034903049468994 3 3 5 6
30 47 0.4562084674835205 4 3 5 8
30 46 0.5498206615447998 4 3 5 7
31 43 0.1057882308959961 8 8 8 10
31 51 0.20453238487243652 3 2 5 6
31 44 0.15295767784118652 5 5 6 9
31 46 0.14491581916809082 4 4 5 8
31 47 0.12383437156677246 4 4 5 10
31 48 11.579333543777466 5 4 6 7
31 46 0.15083789825439453 4 4 5 8
31 50 0.1776280403137207 4 4 5 8
31 42 0.12412357330322266 5 5 6 10
31 45 0.11432695388793945 6 6 6 10
32 48 0.2572970390319824 3 3 5 8
32 50 0.16872286796569824 3 3 4 9
32 50 12.963372945785522 4 3 6 7
32 51 4.014532566070557 4 3 5 8
32 45 0.1666877269744873 5 5 6 10
32 45 0.13016629219055176 5 5 6 10
32 49 0.12768959999084473 4 4 5 10
32 47 0.5196638107299805 4 4 6 8
32 46 0.12351417541503906 6 6 6 9
32 49 0.17517828941345215 3 3 5 7
33 46 0.14912915229797363 5 5 6 9
33 53 0.18134331703186035 4 4 5 7
33 50 0.29027271270751953 3 3 5 6
33 50 0.15382695198059082 3 3 5 10
33 52 0.208632230758667 3 3 5 8
33 53 0.15990233421325684 3 3 5 9
33 49 0.1638178825378418 6 6 6 8
33 51 0.7046058177947998 4 3 6 7
33 47 0.1293962001800537 6 6 6 11
33 48 0.16930794715881348 4 4 5 8
34 49 1.3234970569610596 5 4 6 8
34 52 5.436034917831421 4 3 6 7
34 52 1.1936235427856445 4 4 6 8
34 51 0.8514785766601562 4 3 6 8
34 50 0.6315298080444336 4 4 6 8
34 50 0.16069841384887695 4 4 5 9
34 49 0.17096900939941406 5 5 6 10
34 53 0.462688684463501 4 3 5 9
34 50 0.18120431900024414 4 4 5 9
34 52 0.20971059799194336 3 3 4 7
35 53 0.4621260166168213 4 3 6 8
35 46 0.16595911979675293 7 7 8 11
35 53 0.29114580154418945 3 3 5 7
35 57 0.20291709899902344 3 3 5 9
35 51 0.4024076461791992 4 3 5 8
35 55 0.6837449073791504 6 6 7 9
35 55 0.2159125804901123 4 4 5 9
35 54 313.6142370700836 4 3 5 7
35 54 0.2498164176940918 4 4 5 8
35 54 0.7382590770721436 4 3 5 9
36 56 0.2497539520263672 5 5 6 8
36 55 0.30957531929016113 4 4 5 7
36 54 0.3680894374847412 5 5 6 10
36 58 0.36490893363952637 3 3 6 7
36 55 0.2375497817993164 4 4 6 10
36 56 0.2699253559112549 5 5 6 8
36 49 8.771779775619507 5 5 6 10
36 60 1.1590354442596436 4 3 5 8
36 50 33.63359522819519 4 4 6 8
36 56 0.5026426315307617 4 3 6 9
37 51 0.25470829010009766 6 6 7 8
37 59 0.2983865737915039 3 3 5 9
37 55 0.2523539066314697 4 4 5 9
37 53 0.4038398265838623 4 3 7 9
37 55 1.6049079895019531 5 4 7 10
37 52 0.26672911643981934 4 4 5 9
37 55 0.25016355514526367 5 5 6 9
37 56 0.25593090057373047 4 4 5 9
37 58 0.9218988418579102 3 3 5 6
37 56 0.5172860622406006 3 3 4 8
38 57 1.2145135402679443 4 4 6 8
38 55 0.23287105560302734 6 6 6 12
38 59 1.5412371158599854 4 3 6 8
38 54 0.23313689231872559 5 5 5 11
38 57 0.35953283309936523 5 5 6 9
38 57 12.18554973602295 5 4 6 9
38 59 0.2677161693572998 4 4 6 9
38 62 0.2954826354980469 3 3 5 9
38 57 3.913353443145752 4 4 6 8
38 59 0.2811431884765625 4 4 4 10
