40 45 0.3292825222015381 4 4 7 11
10 10 0.0032439231872558594 2 2 4 6
10 9 0.0008471012115478516 2 2 4 6
10 10 0.0030143260955810547 2 2 3 6
10 10 0.003144979476928711 2 2 3 6
10 9 0.0006361007690429688 2 2 4 6
10 10 0.0030438899993896484 2 2 3 6
10 10 0.0029261112213134766 2 2 3 6
10 9 0.0005750656127929688 2 2 4 6
10 9 0.0006783008575439453 2 2 4 4
10 10 0.0030748844146728516 2 2 3 6
10 10 0.002961874008178711 2 2 3 6
10 15 0.004290580749511719 2 2 3 3
10 15 0.0043184757232666016 2 2 3 3
10 9 0.0006215572357177734 1 1 2 7
10 14 0.0041387081146240234 2 2 3 3
10 15 0.004293203353881836 2 2 3 3
10 10 0.0029401779174804688 2 2 3 6
10 15 0.004910945892333984 2 2 3 3
10 15 0.004584074020385742 2 2 3 3
10 13 0.003701448440551758 2 2 3 4
10 15 0.004735469818115234 2 2 3 3
10 12 0.0031044483184814453 2 2 3 5
10 15 0.0043108463287353516 2 2 3 3
10 15 0.004586696624755859 2 2 3 3
10 15 0.00429844856262207 2 2 3 3
10 15 0.004342317581176758 2 2 3 3
10 10 0.002842426300048828 2 2 3 6
10 10 0.003489255905151367 2 2 3 6
10 12 0.004114866256713867 2 2 3 4
10 16 0.005176544189453125 2 2 3 3
10 11 0.0031998157501220703 3 3 3 5
10 10 0.0031120777130126953 4 4 4 5
10 10 0.002725362777709961 2 2 2 7
10 11 0.003371000289916992 2 2 2 6
10 10 0.002931833267211914 3 3 3 7
10 11 0.0032346248626708984 2 2 3 5
10 12 0.003129720687866211 2 2 3 5
10 10 0.0035552978515625 3 3 3 5
10 10 0.0031032562255859375 3 3 4 5
10 10 0.0028214454650878906 2 2 3 6
10 10 0.0028204917907714844 2 2 3 6
10 11 0.004000186920166016 3 3 3 4
10 9 0.0006387233734130859 2 2 4 6
10 10 0.00331878662109375 2 2 3 6
10 9 0.001107931137084961 2 2 4 6
10 10 0.003212451934814453 3 3 4 5
10 9 0.0007712841033935547 2 2 4 6
10 10 0.0030202865600585938 2 2 3 6
10 10 0.002958059310913086 2 2 3 6
10 10 0.0029904842376708984 2 2 3 6
10 10 0.0029027462005615234 2 2 3 6
10 10 0.002859354019165039 2 2 3 6
10 10 0.003030061721801758 2 2 3 6
10 10 0.003102540969848633 2 2 3 6
10 10 0.002821683883666992 2 2 3 6
10 9 0.0007143020629882812 2 2 4 6
10 10 0.0029706954956054688 2 2 3 6
10 10 0.002913236618041992 2 2 3 6
10 9 0.0005505084991455078 2 2 4 6
10 9 0.0005447864532470703 2 2 4 6
10 10 0.0030095577239990234 2 2 3 6
10 10 0.0031890869140625 2 2 3 6
10 10 0.003225088119506836 2 2 3 6
10 10 0.0029315948486328125 2 2 3 6
10 10 0.003722667694091797 2 2 3 6
10 9 0.0005829334259033203 2 2 4 6
10 10 0.0029180049896240234 2 2 3 6
10 10 0.0029747486114501953 2 2 3 6
10 10 0.0028243064880371094 2 2 3 6
10 10 0.003610372543334961 2 2 3 6
10 9 0.00047588348388671875 1 1 1 9
10 9 0.0005462169647216797 2 2 4 6
10 10 0.003009796142578125 2 2 3 6
10 9 0.0005486011505126953 2 2 4 6
10 14 0.004065513610839844 2 2 2 4
10 10 0.003377676010131836 2 2 4 6
10 10 0.002827167510986328 2 2 3 6
10 10 0.003286600112915039 2 2 3 6
10 10 0.003599405288696289 2 2 3 6
11 12 0.004332542419433594 3 3 3 7
11 12 0.003923654556274414 3 3 3 6
11 11 0.0032536983489990234 1 1 2 7
11 12 0.0041046142578125 3 3 3 6
11 11 0.0037584304809570312 2 2 3 6
11 11 0.004381418228149414 3 3 4 5
11 13 0.0044133663177490234 2 2 3 5
11 15 0.0046710968017578125 1 1 2 3
11 12 0.003992795944213867 2 2 3 5
11 11 0.004102468490600586 3 3 3 6
11 11 0.0030336380004882812 1 1 1 9
11 12 0.00448155403137207 2 2 3 7
11 12 0.004398822784423828 3 3 3 6
11 10 0.0005655288696289062 1 1 1 10
11 17 0.006150722503662109 2 2 3 3
11 14 0.006647825241088867 2 2 3 4
11 11 0.0042743682861328125 3 3 4 5
11 12 0.004019975662231445 3 3 3 6
11 10 0.0006682872772216797 2 2 4 6
11 12 0.0047359466552734375 3 3 3 5
11 12 0.004122257232666016 2 2 3 5
11 12 0.00427556037902832 3 3 3 6
11 17 0.006932973861694336 2 2 2 4
11 12 0.0042781829833984375 3 3 3 6
11 11 0.003695249557495117 2 2 4 6
11 12 0.0037021636962890625 2 2 4 6
11 13 0.00471949577331543 3 3 3 5
11 15 0.006996631622314453 2 2 3 3
11 11 0.0041658878326416016 2 2 3 5
11 20 0.008166313171386719 2 2 3 3
11 15 0.0051116943359375 2 2 3 4
11 19 0.005889415740966797 2 2 3 4
11 17 0.006964445114135742 3 3 3 3
11 14 0.00439143180847168 3 3 3 4
11 14 0.0057451725006103516 2 2 3 4
11 17 0.00882411003112793 3 2 3 4
11 12 0.004792451858520508 3 3 3 6
11 15 0.005147695541381836 3 3 3 4
11 15 0.004886150360107422 2 2 3 4
11 17 0.006153583526611328 2 2 3 3
11 12 0.004697322845458984 2 2 3 4
11 15 0.00645136833190918 2 2 3 3
11 17 0.006072998046875 2 2 3 3
11 19 0.007091522216796875 2 2 3 3
11 17 0.006321430206298828 2 2 3 3
11 14 0.0048143863677978516 2 2 4 4
11 17 0.0055887699127197266 2 2 3 4
11 22 0.0067958831787109375 2 2 3 3
11 17 0.005984783172607422 2 2 3 3
11 18 0.006511211395263672 2 2 2 4
11 11 0.004471778869628906 2 2 3 6
11 15 0.005218029022216797 2 2 3 4
11 17 0.04281473159790039 2 2 3 3
11 17 0.005354166030883789 2 2 2 4
11 16 0.007262229919433594 2 2 3 3
11 13 0.005366802215576172 2 2 3 5
11 10 0.0006473064422607422 2 2 4 7
11 11 0.0034198760986328125 2 2 2 7
11 12 0.0037021636962890625 3 3 3 6
11 12 0.0056285858154296875 3 2 5 6
11 12 0.003916025161743164 2 2 3 6
11 18 0.005823373794555664 2 2 3 3
11 11 0.00385284423828125 3 3 4 6
11 10 0.0006220340728759766 2 2 4 6
11 11 0.0049896240234375 3 3 4 6
11 12 0.004031181335449219 3 3 3 6
11 11 0.0032181739807128906 2 1 3 8
11 11 0.0048274993896484375 2 2 4 6
11 11 0.004122734069824219 3 3 4 6
11 11 0.003950357437133789 3 3 3 6
11 10 0.0006182193756103516 1 1 2 9
11 11 0.00444793701171875 3 3 4 6
11 12 0.004758358001708984 2 2 4 4
11 11 0.0040357112884521484 3 3 4 6
11 11 0.004479885101318359 3 3 4 6
11 13 0.0049474239349365234 2 2 4 4
11 11 0.003824949264526367 3 3 4 6
11 11 0.004996299743652344 3 3 4 6
11 11 0.0037331581115722656 1 1 2 6
11 12 0.005322933197021484 3 3 3 5
11 11 0.0045130252838134766 3 3 4 6
11 11 0.003835439682006836 3 3 4 6
11 10 0.001024007797241211 2 2 4 5
11 11 0.0038623809814453125 3 3 4 6
11 11 0.004361867904663086 3 3 4 6
11 12 0.0038738250732421875 2 1 2 6
11 11 0.003827810287475586 3 3 4 6
11 11 0.004544734954833984 3 3 4 6
11 10 0.0006096363067626953 2 2 4 8
11 13 0.003559112548828125 1 1 2 6
11 11 0.0034852027893066406 2 2 2 7
11 13 0.0048999786376953125 2 2 3 5
11 15 0.0056531429290771484 3 3 3 4
11 12 0.004038333892822266 3 3 3 6
11 13 0.004405498504638672 2 2 3 5
11 10 0.0006074905395507812 1 1 2 7
11 14 0.006773710250854492 3 2 3 5
11 11 0.003397226333618164 3 3 3 8
11 11 0.0035228729248046875 3 3 3 7
11 14 0.004479885101318359 2 2 2 5
11 11 0.003987312316894531 3 3 4 6
11 11 0.003765106201171875 2 2 3 7
11 11 0.003854036331176758 3 3 3 5
11 12 0.004731416702270508 3 3 3 6
11 11 0.0046961307525634766 2 2 2 6
11 11 0.0033102035522460938 2 2 2 8
11 16 0.0059244632720947266 1 1 2 4
11 11 0.003420114517211914 2 2 3 7
11 10 0.0008630752563476562 2 2 4 7
11 11 0.0038340091705322266 2 2 4 6
11 17 0.006533622741699219 2 2 2 4
11 12 0.003086566925048828 2 2 2 8
11 11 0.003450155258178711 2 2 2 8
11 10 0.0006740093231201172 1 1 2 7
11 12 0.004492282867431641 3 3 3 6
11 12 0.004335165023803711 2 2 3 5
11 13 0.0055387020111083984 3 3 4 5
11 13 0.006562709808349609 3 2 3 5
11 12 0.004445314407348633 3 3 4 5
11 11 0.0037920475006103516 2 2 3 6
11 12 0.004741668701171875 2 2 4 5
11 11 0.003215789794921875 1 1 2 8
11 13 0.004714250564575195 2 2 2 7
11 10 0.0006406307220458984 1 1 2 8
11 10 0.0006518363952636719 2 2 4 6
11 11 0.0034296512603759766 2 2 4 7
11 13 0.00470423698425293 3 3 3 4
11 12 0.004353523254394531 3 3 3 6
12 12 0.0043337345123291016 2 2 2 8
12 11 0.0007638931274414062 1 1 2 8
12 11 0.0007188320159912109 1 1 2 9
12 11 0.0007610321044921875 1 1 2 8
12 11 0.0011272430419921875 1 1 2 8
12 11 0.0008251667022705078 2 2 4 6
12 15 0.00670623779296875 2 2 4 4
12 16 0.007334232330322266 2 2 3 5
12 13 0.005772829055786133 3 3 3 5
12 18 0.007957696914672852 2 2 3 5
12 21 0.008162498474121094 2 2 3 3
12 15 0.00571751594543457 2 2 3 5
12 18 0.007404327392578125 2 2 3 4
12 21 0.009603261947631836 2 2 3 3
12 17 0.007435321807861328 2 2 3 4
12 19 0.010187149047851562 3 2 3 4
12 15 0.006503582000732422 2 2 2 5
12 14 0.006212711334228516 3 3 4 4
12 13 0.005700826644897461 3 3 3 6
12 15 0.005820035934448242 2 2 3 5
12 15 0.009954690933227539 3 2 3 5
12 14 0.005869388580322266 3 3 4 5
12 12 0.009076595306396484 4 3 6 6
12 16 0.006765127182006836 3 3 4 4
12 13 0.005107879638671875 2 2 3 6
12 15 0.0059430599212646484 2 2 3 4
12 18 0.00776219367980957 2 2 3 4
12 11 0.0009181499481201172 2 2 4 8
12 13 0.005212545394897461 4 4 4 5
12 19 0.007957220077514648 2 2 3 4
12 14 0.005129098892211914 2 2 2 6
12 15 0.005941629409790039 2 2 3 6
12 18 0.006323814392089844 2 2 3 5
12 14 0.006575107574462891 3 3 4 5
12 15 0.009804487228393555 3 2 4 5
12 12 0.004359006881713867 3 3 3 7
12 14 0.005755424499511719 3 3 3 6
12 17 0.007347583770751953 2 2 3 3
12 15 0.005579471588134766 2 2 3 5
12 12 0.006469249725341797 2 2 4 5
12 18 0.007272243499755859 2 2 3 3
12 12 0.006190061569213867 3 3 4 5
12 13 0.005045652389526367 2 2 4 6
12 18 0.01001429557800293 2 2 3 3
12 14 0.005492210388183594 2 2 4 5
12 14 0.005979299545288086 3 3 3 6
12 11 0.0008180141448974609 2 2 4 8
12 11 0.0007214546203613281 2 2 4 8
12 11 0.0006787776947021484 1 1 2 8
12 16 0.006150722503662109 2 2 3 5
12 15 0.006171464920043945 2 2 3 6
12 13 0.005088329315185547 2 2 4 6
12 13 0.004502534866333008 2 2 4 7
12 12 0.005209445953369141 2 2 4 6
12 13 0.006414651870727539 3 3 4 6
12 14 0.005801677703857422 3 3 3 6
12 12 0.00517582893371582 3 3 4 6
12 14 0.0064334869384765625 3 3 3 5
12 16 0.006731986999511719 2 2 3 4
12 11 0.0006947517395019531 1 1 2 10
12 14 0.0069048404693603516 3 3 3 6
12 17 0.006789445877075195 3 3 3 4
12 16 0.008227348327636719 2 2 3 4
12 14 0.006945133209228516 3 3 3 6
12 13 0.00615692138671875 3 3 4 5
12 12 0.0049250125885009766 3 3 4 6
12 14 0.0056111812591552734 3 3 3 6
12 11 0.0007791519165039062 2 2 4 7
12 13 0.005572795867919922 4 4 4 5
12 12 0.004225492477416992 2 2 3 8
12 12 0.0045168399810791016 3 3 4 7
12 14 0.005524635314941406 3 3 4 5
12 13 0.006116151809692383 2 2 3 7
12 11 0.0012979507446289062 1 1 2 8
12 13 0.004856586456298828 2 2 3 6
12 13 0.0058519840240478516 4 4 4 5
12 12 0.005026817321777344 2 2 3 6
12 11 0.0008466243743896484 1 1 2 8
12 15 0.007104158401489258 3 3 4 4
12 11 0.0008485317230224609 2 2 4 8
12 11 0.0007102489471435547 1 1 2 8
12 12 0.008934736251831055 4 3 6 6
12 16 0.006175518035888672 2 2 2 5
12 15 0.006361722946166992 2 2 4 4
12 15 0.006971120834350586 3 3 3 6
12 14 0.0057947635650634766 3 3 3 5
12 12 0.0054035186767578125 2 2 4 6
12 11 0.0008158683776855469 2 2 4 6
12 13 0.004700660705566406 2 2 4 7
12 11 0.0007617473602294922 1 1 2 8
12 11 0.0007603168487548828 2 2 4 8
12 19 0.007731437683105469 2 2 2 4
12 14 0.004973649978637695 2 2 2 6
12 13 0.00555419921875 3 3 3 6
12 15 0.007122039794921875 2 2 3 4
12 11 0.0008265972137451172 2 2 4 8
12 12 0.004815101623535156 2 2 4 6
12 12 0.009032011032104492 4 3 6 6
12 17 0.006417751312255859 2 2 3 4
12 14 0.005345344543457031 2 2 2 6
12 11 0.0007266998291015625 2 2 4 8
12 12 0.00905466079711914 4 3 6 6
12 14 0.006574869155883789 3 3 4 4
12 12 0.00568842887878418 2 2 4 6
12 12 0.0049326419830322266 2 2 2 6
12 17 0.0078051090240478516 2 2 3 4
12 12 0.004399776458740234 3 3 3 8
12 18 0.0080108642578125 2 2 3 3
12 14 0.003846406936645508 1 1 2 8
12 13 0.005707263946533203 3 3 3 8
12 13 0.0051081180572509766 2 2 4 6
12 15 0.006083965301513672 2 2 3 6
12 13 0.005929231643676758 2 2 4 7
12 11 0.0007476806640625 2 2 4 6
12 11 0.0008149147033691406 2 2 4 8
12 12 0.004862785339355469 3 3 4 6
12 12 0.009345531463623047 4 3 6 6
12 14 0.006116151809692383 4 4 4 6
12 12 0.009192943572998047 4 3 6 6
12 11 0.0007154941558837891 1 1 2 8
12 12 0.009634971618652344 4 3 6 6
12 11 0.0007948875427246094 2 2 4 6
12 12 0.005646467208862305 1 1 2 7
12 13 0.006278276443481445 3 3 4 5
12 18 0.007332801818847656 2 2 3 4
12 13 0.0048177242279052734 3 3 3 6
12 11 0.0007753372192382812 2 2 4 7
12 12 0.00491023063659668 2 2 2 7
12 11 0.0007650852203369141 2 2 4 8
12 12 0.004664182662963867 3 3 4 7
12 13 0.0049440860748291016 4 4 4 7
12 11 0.0007176399230957031 2 2 4 8
12 12 0.009537935256958008 4 3 6 6
12 11 0.0007648468017578125 2 2 4 8
12 14 0.00662541389465332 2 2 3 6
12 13 0.005240201950073242 3 3 3 6
12 14 0.004945278167724609 2 2 3 7
12 11 0.00072479248046875 1 1 2 8
12 12 0.009157657623291016 4 3 6 6
12 11 0.0007205009460449219 2 2 4 8
12 11 0.0006465911865234375 1 1 1 11
12 12 0.004774332046508789 2 2 4 6
12 16 0.0054492950439453125 2 2 2 6
12 11 0.000720977783203125 1 1 2 8
13 13 0.005636453628540039 2 2 4 8
13 17 0.008058786392211914 3 3 3 5
13 19 0.009046077728271484 3 3 3 4
13 16 0.009542703628540039 3 3 4 5
13 19 0.009167194366455078 2 2 3 4
13 21 0.010535001754760742 2 2 3 3
13 18 0.011237859725952148 3 3 3 4
13 16 0.009322404861450195 2 2 3 4
13 15 0.007777214050292969 3 3 4 5
13 15 0.007656097412109375 3 3 4 6
13 16 0.0077588558197021484 2 2 4 5
13 14 0.005398273468017578 2 2 4 8
13 18 0.008396387100219727 2 2 3 5
13 17 0.01010751724243164 3 3 4 4
13 13 0.008133172988891602 3 2 5 6
13 17 0.010932683944702148 3 2 3 4
13 18 0.007982969284057617 2 2 3 5
13 19 0.012061834335327148 2 2 4 5
13 16 0.009075403213500977 2 2 3 5
13 14 0.006155729293823242 2 2 3 7
13 14 0.007630109786987305 2 2 3 7
13 20 0.010346412658691406 2 2 3 3
13 25 0.010712385177612305 2 2 3 3
13 18 0.009396076202392578 3 3 3 4
13 14 0.008065462112426758 3 2 4 8
13 16 0.007543325424194336 3 3 4 6
13 13 0.005227088928222656 2 2 3 8
13 13 0.005550861358642578 2 2 4 7
13 13 0.006133317947387695 5 5 5 6
13 18 0.009014129638671875 2 2 3 4
13 13 0.007723808288574219 3 3 4 6
13 12 0.0008015632629394531 2 2 4 9
13 13 0.010345220565795898 3 2 4 6
13 14 0.007877826690673828 2 2 4 5
13 19 0.00978994369506836 2 2 3 5
13 14 0.0066339969635009766 3 3 4 7
13 14 0.007974624633789062 3 3 4 7
13 13 0.005285501480102539 2 2 3 8
13 15 0.009776830673217773 3 3 3 6
13 14 0.0074765682220458984 3 2 4 8
13 12 0.0008111000061035156 1 1 2 9
13 16 0.011850357055664062 3 2 4 5
13 14 0.0050661563873291016 3 3 3 9
13 13 0.005980491638183594 2 2 4 6
13 17 0.008997917175292969 3 3 4 4
13 13 0.006048679351806641 2 2 3 8
13 19 0.008029460906982422 2 2 3 4
13 13 0.005151987075805664 3 3 3 9
13 14 0.00634312629699707 3 3 3 6
13 15 0.0065457820892333984 3 3 3 7
13 15 0.00771784782409668 2 2 4 5
13 13 0.006109952926635742 2 2 4 6
13 13 0.00594329833984375 2 2 3 8
13 14 0.005270481109619141 3 3 3 8
13 12 0.0009226799011230469 1 1 2 10
13 17 0.008217096328735352 2 2 3 5
13 16 0.008727550506591797 3 3 3 5
13 17 0.010162830352783203 3 3 3 5
13 18 0.008924722671508789 3 3 3 5
13 16 0.00893712043762207 2 2 3 7
13 14 0.006226301193237305 1 1 2 8
13 17 0.008614301681518555 3 3 3 5
13 15 0.0477452278137207 3 3 4 5
13 13 0.007003307342529297 3 3 3 6
13 14 0.007176399230957031 2 2 3 6
13 15 0.006322622299194336 3 3 3 7
13 14 0.006859779357910156 3 3 4 6
13 13 0.0051920413970947266 2 2 3 8
13 16 0.009119749069213867 3 3 4 4
13 16 0.009744882583618164 3 3 4 5
13 15 0.00925302505493164 2 2 3 5
13 12 0.0012602806091308594 2 2 4 8
13 14 0.0071108341217041016 2 2 4 5
13 15 0.006628513336181641 2 2 4 6
13 13 0.0056874752044677734 3 3 3 9
13 14 0.007354736328125 2 2 3 6
13 21 0.010245323181152344 3 3 3 4
13 14 0.008227825164794922 2 2 4 6
13 19 0.009719371795654297 2 2 3 5
13 12 0.0009768009185791016 1 1 2 10
13 14 0.007777214050292969 3 3 4 6
13 15 0.007173061370849609 2 2 3 7
13 13 0.007233142852783203 2 2 4 6
13 14 0.008299112319946289 3 3 4 6
13 19 0.00963449478149414 2 2 4 4
13 16 0.009514331817626953 3 3 3 6
13 15 0.009217500686645508 3 3 4 4
13 16 0.009652376174926758 4 4 4 5
13 13 0.00712275505065918 4 4 4 6
13 13 0.006677865982055664 1 1 2 7
13 18 0.009508609771728516 3 3 3 4
13 15 0.011371850967407227 3 3 4 5
13 12 0.0008308887481689453 2 2 4 7
13 15 0.008670568466186523 3 3 3 5
13 14 0.006598949432373047 5 5 5 7
13 15 0.008529186248779297 3 3 4 5
13 14 0.007245302200317383 3 3 4 7
13 15 0.008243799209594727 3 3 4 5
13 13 0.011805534362792969 3 3 4 7
13 18 0.009315967559814453 2 2 4 4
13 16 0.007094144821166992 2 2 3 7
13 16 0.00788426399230957 3 3 4 6
13 12 0.0008289813995361328 3 3 6 8
13 12 0.0008225440979003906 2 2 4 7
13 16 0.00842428207397461 3 3 3 6
13 14 0.006845235824584961 4 4 4 7
13 12 0.0007836818695068359 2 2 4 7
13 13 0.012184619903564453 2 2 4 6
13 12 0.0014622211456298828 3 3 6 9
13 15 0.007709026336669922 3 3 4 6
13 19 0.010280847549438477 3 3 4 4
13 14 0.007896900177001953 3 3 3 6
13 15 0.008645296096801758 3 3 4 6
13 12 0.0008747577667236328 2 2 4 8
13 18 0.008933067321777344 2 2 3 5
13 15 0.011190652847290039 3 3 4 5
13 12 0.0008022785186767578 1 1 2 9
13 16 0.007032632827758789 2 2 4 6
13 17 0.008493661880493164 3 3 3 5
13 12 0.0010085105895996094 2 2 4 10
13 20 0.010022163391113281 2 2 3 4
13 13 0.005740642547607422 3 3 3 9
13 15 0.0064814090728759766 2 2 2 6
13 15 0.009030580520629883 3 3 3 5
13 15 0.007136821746826172 2 2 4 6
13 13 0.006949901580810547 3 2 4 8
13 19 0.009600400924682617 2 2 3 4
13 14 0.00647425651550293 4 4 4 7
13 15 0.007847070693969727 3 3 4 5
13 14 0.005514860153198242 2 2 2 7
13 14 0.006834506988525391 3 3 3 8
13 13 0.007018327713012695 3 3 4 6
13 15 0.0070858001708984375 2 2 3 6
13 15 0.005948305130004883 2 2 4 7
13 14 0.006866455078125 2 2 3 7
13 15 0.007856130599975586 3 3 3 6
13 13 0.005753755569458008 2 2 4 7
13 22 0.013830184936523438 2 2 3 3
13 19 0.007987022399902344 2 2 3 5
13 14 0.007841348648071289 2 2 4 5
13 17 0.009940624237060547 3 3 3 4
13 14 0.00606226921081543 2 2 4 8
13 16 0.00857996940612793 3 3 3 5
13 15 0.009137392044067383 2 2 3 6
13 16 0.008203744888305664 3 3 3 7
13 13 0.005764484405517578 3 3 4 8
13 15 0.00866842269897461 3 3 4 5
13 19 0.008817434310913086 2 2 3 5
13 15 0.008095502853393555 3 3 3 6
13 18 0.009038686752319336 1 1 2 5
13 12 0.0009443759918212891 3 3 6 8
13 16 0.0064585208892822266 2 2 3 8
13 16 0.0077972412109375 3 3 3 5
13 13 0.005763530731201172 3 3 4 8
13 21 0.009310245513916016 2 2 3 4
13 21 0.014723539352416992 2 2 4 4
13 14 0.005976676940917969 2 2 4 8
13 13 0.006496906280517578 4 4 4 6
13 14 0.008119344711303711 3 3 4 5
13 16 0.007031917572021484 3 3 3 7
13 13 0.0055735111236572266 3 3 6 8
14 20 0.0140838623046875 2 2 3 4
14 18 0.012279510498046875 3 2 3 7
14 14 0.008351325988769531 2 2 4 6
14 21 0.014175653457641602 2 2 3 4
14 18 0.009141206741333008 2 2 3 6
14 13 0.0009081363677978516 2 2 4 8
14 15 0.009704351425170898 4 4 4 7
14 13 0.0009756088256835938 2 2 4 8
14 18 0.012480735778808594 2 2 3 5
14 19 0.010592222213745117 3 3 4 6
14 15 0.008089780807495117 2 2 3 7
14 19 0.013139963150024414 2 2 3 5
14 16 0.008269309997558594 3 3 4 7
14 14 0.006218433380126953 1 1 2 10
14 15 0.009071588516235352 3 3 5 7
14 16 0.007875680923461914 2 2 4 8
14 15 0.0099945068359375 3 3 3 7
14 20 0.011105775833129883 3 3 3 6
14 14 0.008507013320922852 4 4 4 6
14 20 0.011117696762084961 2 2 3 7
14 14 0.007552146911621094 2 2 2 10
14 21 0.011476516723632812 3 3 3 6
14 16 0.00854945182800293 4 4 4 7
14 14 0.009562015533447266 4 4 4 6
14 18 0.010663986206054688 2 2 4 6
14 25 0.01852703094482422 2 2 3 3
14 14 0.010230779647827148 4 4 4 6
14 19 0.011447906494140625 2 2 3 5
14 15 0.008545875549316406 3 3 4 7
14 14 0.05128979682922363 3 2 5 7
14 16 0.010615110397338867 3 3 3 6
14 18 0.010570526123046875 2 2 3 5
14 17 0.011275529861450195 3 3 3 5
14 19 0.011082649230957031 3 3 3 5
14 16 0.010677814483642578 2 2 4 7
14 14 0.009355783462524414 3 3 4 5
14 19 0.011740446090698242 2 2 3 5
14 16 0.010258913040161133 2 2 3 6
14 14 0.00780034065246582 2 2 4 8
14 16 0.010024785995483398 3 3 4 5
14 15 0.010091066360473633 4 4 4 6
14 14 0.008590459823608398 3 3 6 7
14 19 0.01081991195678711 2 2 3 5
14 19 0.01181173324584961 3 3 3 5
14 16 0.010785341262817383 4 4 4 6
14 13 0.001348257064819336 1 1 2 11
14 15 0.011086225509643555 3 3 4 6
14 17 0.014472484588623047 3 3 4 5
14 14 0.008268356323242188 2 2 4 7
14 16 0.00868988037109375 2 2 3 7
14 18 0.011596918106079102 3 3 3 6
14 17 0.009048700332641602 2 2 3 7
14 16 0.009102582931518555 4 4 4 6
14 15 0.009449958801269531 4 4 5 6
14 18 0.009270906448364258 3 3 3 6
14 14 0.006489992141723633 2 2 2 9
14 14 0.007685184478759766 1 1 2 8
14 13 0.0014538764953613281 3 3 6 7
14 16 0.009721040725708008 3 3 3 6
14 15 0.012663125991821289 3 2 4 6
14 15 0.009069681167602539 2 2 3 7
14 21 0.012174844741821289 2 2 3 5
14 16 0.010222673416137695 3 3 4 6
14 18 0.011030912399291992 3 3 3 5
14 18 0.012416839599609375 3 3 3 5
14 17 0.04504513740539551 4 3 4 5
14 16 0.009709596633911133 3 3 4 6
14 14 0.006457090377807617 3 3 3 10
14 15 0.010834217071533203 3 3 4 6
14 15 0.00984811782836914 2 2 4 6
14 17 0.00834202766418457 2 2 3 8
14 15 0.00901651382446289 2 2 4 7
14 13 0.0010225772857666016 3 3 6 8
14 18 0.010463237762451172 2 2 4 6
14 19 0.010186910629272461 2 2 2 6
14 13 0.0009837150573730469 2 2 4 8
14 17 0.009789705276489258 2 2 3 7
14 16 0.008627653121948242 3 3 3 7
14 23 0.014469623565673828 2 2 3 4
14 14 0.007608890533447266 4 4 4 9
14 15 0.010877132415771484 3 3 4 5
14 17 0.009525775909423828 3 3 3 7
14 15 0.008856773376464844 2 2 4 6
14 13 0.0018019676208496094 2 2 4 8
14 18 0.01533961296081543 3 2 3 5
14 14 0.008957386016845703 2 1 3 7
14 15 0.0077266693115234375 2 2 3 8
14 16 0.00998544692993164 3 3 4 5
14 19 0.0157928466796875 2 2 4 6
14 17 0.010869741439819336 3 3 4 5
14 17 0.01562356948852539 3 2 4 6
14 18 0.01549839973449707 3 2 4 5
14 14 0.010156393051147461 5 5 5 7
14 16 0.011887311935424805 3 3 5 5
14 16 0.008852005004882812 3 3 3 6
14 15 0.009696722030639648 4 4 4 6
14 14 0.006999969482421875 2 2 4 9
14 18 0.011058807373046875 3 3 3 5
14 22 0.013701677322387695 2 2 3 5
14 14 0.00934457778930664 2 2 4 5
14 16 0.010986804962158203 3 3 3 5
14 16 0.007674217224121094 2 2 3 6
14 19 0.02512836456298828 3 2 4 5
14 15 0.009317159652709961 3 3 4 5
14 13 0.0009922981262207031 2 2 4 8
14 13 0.001027822494506836 2 2 4 8
14 21 0.011483192443847656 2 2 3 4
14 13 0.0014896392822265625 2 2 4 8
14 14 0.0077288150787353516 3 3 6 7
14 19 0.011009693145751953 4 4 4 5
14 13 0.0009107589721679688 3 3 6 9
14 17 0.010424137115478516 2 2 4 6
14 15 0.007951021194458008 2 2 4 6
14 16 0.008704185485839844 3 3 4 6
14 14 0.008630990982055664 3 3 6 6
14 16 0.008472442626953125 3 3 5 7
14 13 0.0009779930114746094 2 2 4 8
14 17 0.013124942779541016 3 3 3 4
14 14 0.0075418949127197266 2 2 4 7
14 15 0.007382392883300781 2 1 2 8
14 22 0.015256404876708984 2 2 3 3
14 15 0.007142782211303711 2 2 3 8
14 14 0.006609678268432617 1 1 2 9
14 22 0.01587820053100586 2 2 3 4
14 18 0.010316133499145508 3 3 4 6
14 14 0.008531808853149414 4 4 4 7
14 16 0.008705377578735352 3 3 4 6
14 15 0.0065419673919677734 2 2 4 9
14 17 0.010191202163696289 3 3 4 6
14 17 0.009450435638427734 2 2 4 6
14 20 0.011949300765991211 2 2 3 5
14 15 0.007472991943359375 2 2 3 7
14 17 0.030901193618774414 4 2 4 6
14 25 0.014931678771972656 2 2 3 3
14 13 0.0009298324584960938 2 2 4 8
14 17 0.008923530578613281 3 3 3 5
14 15 0.0075206756591796875 2 2 3 7
14 22 0.013938426971435547 3 3 3 4
14 13 0.001321554183959961 2 2 4 9
14 13 0.0018117427825927734 2 2 4 8
14 20 0.013247251510620117 2 2 3 4
14 13 0.0010824203491210938 2 2 4 8
14 16 0.009659528732299805 3 3 4 6
14 15 0.008840084075927734 2 2 3 8
14 15 0.007669210433959961 3 3 3 8
14 18 0.011034727096557617 3 3 4 6
14 14 0.008380413055419922 2 2 4 6
14 14 0.007498264312744141 3 3 4 6
14 13 0.0009124279022216797 2 2 4 9
14 14 0.008600234985351562 2 2 3 6
14 20 0.011800527572631836 2 2 3 4
14 19 0.014377117156982422 2 2 3 5
14 15 0.007069826126098633 2 2 4 8
14 20 0.047412872314453125 2 2 3 5
14 17 0.00962066650390625 2 2 3 7
14 14 0.007420063018798828 1 1 2 11
14 17 0.009004831314086914 4 4 5 6
14 13 0.0011930465698242188 2 2 4 7
14 14 0.0069866180419921875 2 2 2 9
14 17 0.010841846466064453 3 3 4 5
14 15 0.009572029113769531 2 2 4 5
14 15 0.011347293853759766 3 2 4 5
14 13 0.0013630390167236328 2 2 4 8
14 19 0.010548830032348633 3 3 3 5
14 17 0.009862899780273438 2 2 3 6
14 13 0.0009222030639648438 2 2 4 8
14 15 0.008838176727294922 2 2 4 6
14 13 0.0009300708770751953 2 2 4 8
14 13 0.0009810924530029297 2 2 4 8
15 23 0.015702247619628906 2 2 3 5
15 16 0.011913776397705078 3 3 4 6
15 16 0.008992671966552734 2 2 4 9
15 16 0.010442495346069336 3 3 6 7
15 19 0.01150822639465332 2 2 4 7
15 19 0.011528491973876953 2 2 3 7
15 24 0.01590871810913086 2 2 4 5
15 17 0.010241985321044922 2 2 4 7
15 19 0.011705875396728516 3 3 3 6
15 23 0.038416147232055664 3 2 4 5
15 16 0.009543418884277344 3 3 6 7
15 27 0.018552780151367188 3 3 3 4
15 17 0.010657310485839844 3 3 4 6
15 14 0.0015492439270019531 2 2 4 8
15 14 0.0011224746704101562 2 2 4 10
15 22 0.015606880187988281 2 2 3 5
15 24 0.015801668167114258 2 2 3 4
15 21 0.01600813865661621 3 3 3 5
15 16 0.01068425178527832 4 4 4 8
15 17 0.012369155883789062 3 3 4 6
15 19 0.013193130493164062 4 4 4 6
15 15 0.008126258850097656 1 1 2 9
15 25 0.014594793319702148 3 3 3 5
15 20 0.014654397964477539 3 3 4 4
15 22 0.013643980026245117 3 3 4 5
15 15 0.009566307067871094 3 3 4 8
15 19 0.01343846321105957 4 4 4 6
15 18 0.012317180633544922 3 3 3 7
15 15 0.008462190628051758 2 2 4 8
15 16 0.011014223098754883 4 4 5 6
15 24 0.0178067684173584 2 2 4 4
15 16 0.009425163269042969 3 3 6 8
15 15 0.009415388107299805 2 2 4 9
15 17 0.01085519790649414 3 3 5 6
15 20 0.01383662223815918 2 2 4 5
15 17 0.010365486145019531 4 4 4 6
15 15 0.007967472076416016 2 2 2 9
15 15 0.01221156120300293 4 4 4 7
15 15 0.009239435195922852 3 3 6 8
15 19 0.011733531951904297 3 3 3 6
15 21 0.012744426727294922 3 3 3 5
15 16 0.008280515670776367 3 3 6 8
15 20 0.013033151626586914 3 3 3 7
15 19 0.016131877899169922 3 2 4 6
15 18 0.012067317962646484 3 3 4 6
15 16 0.008989572525024414 3 3 3 9
15 20 0.01550149917602539 2 2 4 5
15 22 0.020831584930419922 2 2 4 4
15 17 0.011167287826538086 3 3 4 6
15 16 0.02213430404663086 4 3 6 7
15 16 0.012753725051879883 2 2 4 5
15 16 0.011267662048339844 4 4 4 6
15 21 0.014207839965820312 3 3 4 5
15 15 0.01182413101196289 3 2 4 9
15 16 0.011471986770629883 3 3 6 7
15 19 0.013124704360961914 3 3 3 6
15 17 0.012765169143676758 4 4 5 6
15 17 0.008620023727416992 3 3 6 7
15 16 0.011477470397949219 3 3 4 7
15 15 0.007610797882080078 1 1 2 11
15 21 0.011184930801391602 2 2 2 7
15 19 0.011721372604370117 3 3 3 6
15 18 0.05194997787475586 3 3 4 5
15 22 0.03374600410461426 3 2 4 4
15 18 0.014046192169189453 3 3 4 6
15 23 0.015856504440307617 2 2 3 5
15 19 0.014456748962402344 3 3 4 6
15 17 0.012440681457519531 3 3 4 6
15 16 0.01023554801940918 3 3 3 8
15 17 0.009881258010864258 3 3 4 8
15 18 0.012192249298095703 3 3 4 6
15 16 0.010732412338256836 4 4 4 6
15 17 0.014180183410644531 3 3 4 6
15 20 0.016673564910888672 3 3 4 5
15 18 0.012636423110961914 3 3 4 7
15 15 0.009355545043945312 2 2 4 8
15 17 0.011817216873168945 3 3 3 6
15 16 0.012830495834350586 3 3 4 6
15 22 0.01858210563659668 2 2 4 5
15 18 0.011380195617675781 2 2 4 6
15 15 0.008716583251953125 2 2 4 9
15 17 0.012102603912353516 4 4 4 6
15 23 0.022071361541748047 2 2 3 4
15 17 0.012575864791870117 3 3 4 6
15 19 0.012505054473876953 3 3 3 6
15 17 0.012235879898071289 3 3 5 6
15 18 0.014119386672973633 3 3 4 5
15 22 0.012948989868164062 3 3 3 6
15 15 0.010486125946044922 2 2 4 8
15 23 0.019863605499267578 2 2 3 4
15 16 0.01076960563659668 2 2 4 7
15 17 0.011677026748657227 3 3 3 6
15 15 0.009341239929199219 2 2 4 8
15 21 0.014131307601928711 3 3 4 5
15 24 0.018667936325073242 2 2 3 5
15 17 0.013936042785644531 3 3 4 5
15 15 0.008324146270751953 1 1 2 10
15 17 0.011318445205688477 2 2 4 7
15 16 0.012112140655517578 3 3 4 7
15 16 0.009343862533569336 2 2 4 8
15 16 0.013606786727905273 2 2 4 5
15 16 0.010847330093383789 3 3 4 7
15 17 0.013402462005615234 2 2 3 6
15 17 0.014440536499023438 3 2 4 7
15 16 0.011555194854736328 4 4 5 7
15 20 0.01676154136657715 3 2 4 6
15 17 0.013780593872070312 3 3 4 6
15 17 0.011651992797851562 3 3 4 6
15 21 0.014269113540649414 2 2 4 5
15 19 0.008338689804077148 2 2 3 9
15 17 0.011009693145751953 3 3 4 8
15 15 0.01041865348815918 2 2 4 8
15 21 0.014673233032226562 2 2 4 5
15 16 0.011814594268798828 3 3 4 6
15 16 0.01026773452758789 2 2 4 7
15 23 0.018477201461791992 4 4 4 4
15 16 0.007684946060180664 2 1 3 10
15 16 0.011620759963989258 5 5 5 7
15 17 0.011018514633178711 2 2 4 7
15 17 0.010028839111328125 2 2 3 9
15 24 0.020896196365356445 2 2 3 4
15 20 0.013807296752929688 2 2 3 5
15 17 0.009412527084350586 3 3 3 7
15 16 0.01083683967590332 3 3 6 7
15 18 0.011006593704223633 3 2 5 6
15 22 0.013511419296264648 2 2 3 6
15 24 0.030781984329223633 3 2 4 4
15 22 0.027370214462280273 3 2 3 6
15 15 0.009566783905029297 2 2 3 9
15 20 0.013607025146484375 2 2 4 5
15 20 0.015125513076782227 2 2 4 4
15 17 0.013489723205566406 3 2 5 8
15 17 0.013016939163208008 2 2 4 5
15 16 0.014880657196044922 3 2 5 6
15 17 0.011925697326660156 3 3 4 6
15 14 0.0010187625885009766 2 2 4 8
15 19 0.017375946044921875 3 2 4 7
15 19 0.01320028305053711 2 2 3 6
15 17 0.01456904411315918 3 2 5 5
15 19 0.013678312301635742 4 4 4 5
15 16 0.013890743255615234 3 2 4 8
15 19 0.010102987289428711 2 2 4 7
15 16 0.010083913803100586 2 2 3 7
15 22 0.01651740074157715 2 2 3 4
15 19 0.013227462768554688 2 2 3 5
15 17 0.014701128005981445 3 2 5 8
15 22 0.025353431701660156 2 2 3 4
15 22 0.014967203140258789 2 2 3 6
15 20 0.02397632598876953 3 2 3 5
15 18 0.013190984725952148 3 3 4 5
15 18 0.010698080062866211 2 2 3 7
15 25 0.04124021530151367 3 2 3 4
15 16 0.011577367782592773 3 3 4 7
15 21 0.014626264572143555 3 3 3 5
15 17 0.01224660873413086 2 2 4 7
15 15 0.007239818572998047 1 1 2 12
15 15 0.010787487030029297 3 3 4 8
15 14 0.0011239051818847656 2 2 4 9
15 18 0.01274251937866211 3 3 3 7
15 17 0.012973308563232422 4 4 4 6
15 17 0.00920557975769043 2 1 3 8
15 20 0.012225151062011719 3 3 3 7
15 18 0.012984275817871094 3 3 4 7
15 18 0.014253616333007812 3 3 4 6
15 16 0.015889406204223633 3 2 4 6
15 14 0.0019986629486083984 2 2 4 7
15 15 0.011164188385009766 3 3 4 8
15 17 0.012531280517578125 3 3 4 6
15 17 0.01174783706665039 3 3 4 7
15 20 0.015952587127685547 2 2 4 5
15 15 0.011298656463623047 2 2 4 9
15 18 0.017345428466796875 4 4 4 5
15 15 0.01213693618774414 3 3 4 6
15 16 0.011995553970336914 4 4 4 8
15 24 0.021756410598754883 2 2 3 4
15 20 0.01717376708984375 3 3 3 5
15 15 0.011217117309570312 4 4 5 6
15 16 0.01157379150390625 3 3 3 8
15 18 0.015360116958618164 4 4 4 5
16 21 0.02126312255859375 3 3 3 5
16 22 0.019421100616455078 3 3 4 6
16 16 0.01321101188659668 3 3 6 8
16 17 0.013299703598022461 3 3 4 8
16 20 0.017963886260986328 3 3 3 6
16 17 0.01512002944946289 3 3 6 7
16 15 0.00118255615234375 2 2 4 10
16 18 0.0381159782409668 4 3 5 6
16 18 0.01830124855041504 2 2 4 5
16 23 0.020625591278076172 2 2 3 5
16 17 0.013319730758666992 3 3 4 8
16 22 0.05598282814025879 3 2 4 6
16 21 0.01612997055053711 4 4 4 6
16 21 0.01476907730102539 3 3 3 7
16 23 0.018593788146972656 3 3 4 5
16 20 0.012330055236816406 2 2 3 9
16 15 0.0010852813720703125 2 2 4 9
16 17 0.02048206329345703 3 2 4 6
16 21 0.014654159545898438 3 3 3 7
16 25 0.019722700119018555 2 2 3 5
16 20 0.014121770858764648 3 3 3 7
16 18 0.014229059219360352 4 4 4 6
16 19 0.01616954803466797 4 4 4 6
16 17 0.011846542358398438 5 5 5 8
16 19 0.051000356674194336 4 3 6 7
16 21 0.018175125122070312 3 3 3 5
16 16 0.008288383483886719 2 2 2 11
16 17 0.015030145645141602 4 4 4 6
16 23 0.019482851028442383 2 2 4 4
16 20 0.014144420623779297 3 3 3 7
16 20 0.014178276062011719 3 3 3 7
16 16 0.012080907821655273 3 2 5 9
16 17 0.016944408416748047 3 2 5 7
16 22 0.015413999557495117 2 2 3 5
16 20 0.014407634735107422 3 3 3 7
16 18 0.014514446258544922 3 3 4 8
16 16 0.01409006118774414 3 3 4 6
16 18 0.013427734375 3 3 3 8
16 23 0.019825458526611328 2 2 4 4
16 18 0.013109922409057617 4 4 5 9
16 17 0.012327194213867188 3 3 6 7
16 20 0.028864145278930664 3 2 4 5
16 18 0.015558958053588867 3 3 4 6
16 16 0.009561777114868164 1 1 2 9
16 19 0.011003494262695312 3 3 4 8
16 18 0.012566804885864258 4 4 4 8
16 18 0.011805534362792969 4 4 4 8
16 17 0.01441335678100586 3 3 4 7
16 19 0.014870405197143555 3 3 3 6
16 18 0.015715599060058594 3 3 4 6
16 17 0.027187108993530273 4 3 6 8
16 20 0.014676094055175781 3 3 4 5
16 28 0.016977548599243164 2 2 3 7
16 20 0.018208026885986328 3 3 4 4
16 20 0.018221139907836914 3 3 4 5
16 20 0.014304876327514648 4 4 4 7
16 20 0.013485908508300781 2 2 3 7
16 18 0.012898921966552734 3 3 4 8
16 21 0.018774032592773438 3 2 4 6
16 24 0.05547070503234863 2 2 3 4
16 17 0.015075206756591797 3 3 4 6
16 20 0.01953887939453125 4 4 4 5
16 18 0.013989686965942383 3 3 4 7
16 21 0.01674818992614746 3 3 3 6
16 21 0.014626741409301758 3 3 3 7
16 18 0.012479543685913086 4 4 4 8
16 17 0.01612067222595215 2 2 4 6
16 20 0.01447153091430664 2 2 4 6
16 17 0.01099848747253418 3 3 4 9
16 20 0.011461257934570312 2 2 3 9
16 18 0.01558995246887207 3 3 5 7
16 20 0.013872623443603516 3 3 4 7
16 21 0.015698671340942383 3 3 4 6
16 20 0.014087438583374023 4 4 4 7
16 18 0.016395092010498047 4 4 4 5
16 20 0.017361164093017578 3 3 4 5
16 20 0.017134666442871094 3 3 4 5
16 19 0.017410993576049805 4 4 4 5
16 20 0.015633821487426758 3 3 3 6
16 19 0.012017965316772461 2 2 3 9
16 23 0.020129919052124023 3 3 3 5
16 19 0.016350269317626953 4 4 5 7
16 19 0.021885156631469727 4 3 5 7
16 21 0.01697063446044922 3 3 4 5
16 20 0.01684117317199707 3 3 3 7
16 17 0.011081695556640625 2 2 4 7
16 22 0.01816105842590332 3 3 4 5
16 18 0.012554407119750977 3 3 5 8
16 19 0.015926122665405273 3 3 3 5
16 22 0.021367788314819336 2 2 4 5
16 27 0.022255897521972656 3 3 3 5
16 20 0.020859956741333008 3 3 4 5
16 20 0.01668071746826172 4 4 4 5
16 18 0.01590251922607422 4 4 4 6
16 17 0.015439033508300781 2 2 4 7
16 19 0.014033317565917969 5 5 5 6
16 19 0.012687444686889648 2 2 3 8
16 18 0.01305532455444336 3 3 4 7
16 25 0.02210235595703125 3 3 3 5
16 24 0.0189058780670166 3 3 4 4
16 18 0.011152505874633789 2 2 3 9
16 25 0.018431901931762695 2 2 4 4
16 20 0.017212629318237305 3 3 4 6
16 19 0.014610767364501953 3 3 4 7
16 18 0.015674114227294922 3 3 4 7
16 18 0.013985395431518555 3 2 5 8
16 22 0.018255949020385742 3 3 3 5
16 18 0.012368917465209961 3 3 3 7
16 18 0.013091564178466797 4 4 4 7
16 15 0.001155853271484375 2 2 4 8
16 18 0.012792825698852539 3 3 4 7
16 18 0.012780189514160156 3 3 4 8
16 19 0.011939525604248047 3 3 3 9
16 25 0.02187347412109375 2 2 3 4
16 22 0.029435157775878906 3 2 3 6
16 17 0.017199277877807617 3 2 5 9
16 18 0.018535375595092773 3 3 4 7
16 18 0.017807960510253906 3 3 5 6
16 19 0.016654014587402344 3 3 4 6
16 20 0.012382984161376953 2 2 4 8
16 15 0.0011849403381347656 1 1 2 11
16 20 0.014477729797363281 3 3 4 6
16 16 0.00952005386352539 2 2 4 9
16 17 0.012249469757080078 3 3 4 8
16 17 0.012510538101196289 2 2 4 7
16 23 0.01710343360900879 3 3 4 5
16 18 0.016530752182006836 3 3 4 5
16 22 0.022594213485717773 2 2 4 5
16 15 0.001150369644165039 2 2 4 8
16 20 0.01462864875793457 3 3 4 6
16 16 0.014094114303588867 3 3 6 7
16 20 0.030684471130371094 3 2 4 6
16 22 0.01688528060913086 2 2 4 6
16 17 0.012906551361083984 3 3 4 8
16 16 0.011056184768676758 3 3 4 8
16 15 0.001585245132446289 3 3 6 7
16 21 0.017018556594848633 3 3 3 6
16 17 0.011078834533691406 2 2 3 8
16 16 0.011417865753173828 2 1 3 9
16 15 0.001262664794921875 2 2 4 8
16 17 0.014709949493408203 3 3 4 9
16 18 0.017578840255737305 3 3 5 6
16 18 0.01701188087463379 3 3 5 6
16 19 0.05206608772277832 4 2 5 6
16 23 0.02074122428894043 3 3 3 5
16 21 0.014420270919799805 2 2 3 7
16 19 0.01403498649597168 2 2 4 6
16 16 0.010780096054077148 2 2 4 8
16 25 0.020229339599609375 3 3 4 4
16 17 0.012564420700073242 4 4 4 7
16 22 0.046970367431640625 3 2 4 5
16 16 0.017603158950805664 3 2 4 7
16 17 0.015845060348510742 2 2 4 7
16 15 0.0017974376678466797 4 4 8 8
16 17 0.014937162399291992 2 2 4 9
16 16 0.014029264450073242 3 3 6 9
16 20 0.017181873321533203 3 3 4 5
16 17 0.013991832733154297 3 3 4 8
16 24 0.0648813247680664 3 2 3 5
16 24 0.022535324096679688 3 3 4 5
16 18 0.011920690536499023 3 3 3 8
16 21 0.016762971878051758 3 3 4 5
16 22 0.018603086471557617 3 3 4 4
16 17 0.012815237045288086 3 3 4 8
16 20 0.016985416412353516 4 4 5 6
16 22 0.030272483825683594 2 2 3 4
16 15 0.0010771751403808594 1 1 2 9
17 17 0.015887737274169922 4 4 4 8
17 18 0.016190290451049805 3 3 4 8
17 22 0.04642796516418457 3 2 4 5
17 22 0.01898956298828125 3 3 3 7
17 18 0.013115406036376953 2 2 2 11
17 19 0.014509916305541992 2 2 4 8
17 20 0.016678333282470703 3 3 4 7
17 17 0.013553380966186523 3 3 6 8
17 22 0.01893472671508789 3 3 4 6
17 23 0.022864103317260742 3 3 4 5
17 18 0.012868165969848633 3 3 6 9
17 19 0.01333475112915039 2 2 4 8
17 23 0.019246339797973633 3 3 4 6
17 21 0.0480189323425293 4 3 5 7
17 18 0.014986038208007812 4 4 8 8
17 18 0.018009424209594727 4 4 4 8
17 19 0.019899845123291016 3 3 4 8
17 22 0.024096965789794922 3 3 4 5
17 17 0.01353311538696289 3 3 4 9
17 17 0.015160322189331055 3 2 4 10
17 20 0.01678323745727539 3 3 4 8
17 20 0.02011251449584961 2 2 4 5
17 21 0.015514612197875977 3 3 3 7
17 20 0.015845060348510742 3 3 4 7
17 17 0.011843681335449219 2 2 4 11
17 17 0.029846668243408203 4 3 6 8
17 19 0.01720285415649414 3 3 5 8
17 18 0.019128084182739258 3 3 4 7
17 22 0.02278280258178711 3 3 4 5
17 21 0.02150416374206543 3 3 4 5
17 18 0.0157473087310791 2 2 4 6
17 22 0.023921966552734375 3 3 3 5
17 18 0.01644730567932129 3 3 4 7
17 17 0.013542413711547852 4 4 4 10
17 19 0.027147531509399414 2 2 4 6
17 19 0.023014307022094727 3 2 4 7
17 17 0.015172481536865234 2 2 4 7
17 20 0.01878213882446289 3 3 3 7
17 19 0.016064167022705078 3 3 4 7
17 18 0.02073073387145996 4 3 6 9
17 22 0.039847373962402344 3 2 4 5
17 22 0.05508613586425781 4 4 4 6
17 25 0.02394866943359375 3 3 4 5
17 17 0.017015695571899414 5 5 5 7
17 25 0.027028799057006836 3 3 3 5
17 27 0.07864499092102051 3 2 4 4
17 18 0.01417684555053711 3 3 4 8
17 19 0.010691642761230469 2 2 3 10
17 20 0.018034696578979492 3 3 3 6
17 20 0.016695022583007812 3 3 3 7
17 21 0.017701387405395508 5 5 5 6
17 18 0.019121170043945312 3 2 4 8
17 20 0.0245211124420166 3 3 4 5
17 21 0.022709131240844727 3 3 4 7
17 31 0.047551870346069336 2 2 3 4
17 20 0.021567344665527344 3 2 5 7
17 19 0.01662421226501465 4 4 4 6
17 20 0.020154714584350586 3 2 5 7
17 18 0.02931809425354004 4 3 5 8
17 20 0.016876220703125 4 4 4 8
17 26 0.020134925842285156 2 2 3 7
17 24 0.019323110580444336 2 2 3 7
17 18 0.013509035110473633 2 2 4 9
17 23 0.024160146713256836 3 3 4 5
17 21 0.01903223991394043 4 4 4 6
17 21 0.019285202026367188 2 2 4 6
17 28 0.02846074104309082 3 3 3 4
17 18 0.018510818481445312 3 3 3 8
17 18 0.013925552368164062 3 3 4 11
17 24 0.05050778388977051 3 2 4 6
17 22 0.025940418243408203 3 3 4 6
17 23 0.022738218307495117 3 3 3 6
17 19 0.018632173538208008 2 2 4 7
17 19 0.019750118255615234 3 3 4 6
17 19 0.02008986473083496 3 3 5 6
17 22 0.018192529678344727 3 3 4 7
17 19 0.01845097541809082 3 3 4 7
17 25 0.030841827392578125 2 2 3 5
17 18 0.015390396118164062 3 3 4 10
17 17 0.01658797264099121 2 2 4 8
17 19 0.022118568420410156 3 3 4 7
17 17 0.01160120964050293 2 2 4 11
17 20 0.019328832626342773 3 3 4 6
17 20 0.03037548065185547 3 3 4 6
17 23 0.02460002899169922 3 3 4 5
17 19 0.012898921966552734 2 2 3 10
17 20 0.018182039260864258 4 4 4 7
17 21 0.020890235900878906 4 4 4 6
17 20 0.04983687400817871 4 3 5 7
17 20 0.01801013946533203 3 3 4 7
17 21 0.01701974868774414 3 3 4 8
17 19 0.017679452896118164 3 3 4 6
17 21 0.016512155532836914 3 3 4 7
17 24 0.01952338218688965 2 2 3 7
17 28 0.022034883499145508 4 4 4 6
17 16 0.0014934539794921875 2 2 4 9
17 18 0.009981870651245117 2 2 2 13
17 21 0.022162914276123047 3 3 4 5
17 26 0.032701969146728516 2 2 3 4
17 22 0.02028822898864746 3 3 4 6
17 20 0.017134428024291992 3 3 4 6
17 20 0.019890546798706055 4 4 4 6
17 22 0.030068635940551758 3 3 4 6
17 22 0.022002696990966797 3 3 4 6
17 19 0.019770383834838867 4 4 4 7
17 26 0.05066251754760742 3 2 5 6
17 18 0.01233363151550293 2 2 4 9
17 21 0.042417049407958984 4 3 5 6
17 19 0.015887022018432617 4 4 4 7
17 24 0.019956111907958984 3 3 4 6
17 24 0.02407670021057129 3 3 4 5
17 25 0.02077484130859375 3 3 3 7
17 17 0.012603521347045898 2 2 4 9
17 23 0.05750250816345215 3 2 5 5
17 17 0.013519525527954102 3 3 6 8
17 20 0.014307737350463867 3 3 3 8
17 22 0.02192521095275879 2 2 4 5
17 19 0.018890380859375 3 2 4 9
17 23 0.019304275512695312 3 3 4 6
17 23 0.019709348678588867 3 3 4 7
17 21 0.01616382598876953 3 3 4 8
17 20 0.01384115219116211 2 2 4 8
17 17 0.013124942779541016 3 3 6 8
17 18 0.015143156051635742 3 3 4 9
17 24 0.020047664642333984 2 2 3 5
17 23 0.017224550247192383 2 2 3 7
17 18 0.01847362518310547 2 2 3 7
17 19 0.02131938934326172 3 2 4 6
17 21 0.021305561065673828 3 2 4 7
17 25 0.02150440216064453 2 2 3 6
17 19 0.017572879791259766 3 3 4 6
17 21 0.023269176483154297 3 2 4 6
17 20 0.022303104400634766 3 3 4 6
17 20 0.021391630172729492 3 2 4 6
17 18 0.0185549259185791 3 2 4 8
17 23 0.023681163787841797 3 3 3 5
17 18 0.013462305068969727 2 2 4 8
17 20 0.0173492431640625 3 3 6 7
17 18 0.01521754264831543 3 3 6 7
17 21 0.019446849822998047 3 3 4 6
17 19 0.016125917434692383 4 4 5 7
17 19 0.01724386215209961 3 3 5 7
17 16 0.0017316341400146484 2 2 4 8
17 23 0.023825645446777344 4 4 4 5
17 21 0.016497373580932617 2 2 3 8
17 18 0.01838064193725586 3 3 6 7
17 20 0.01859593391418457 4 4 5 7
17 22 0.02292346954345703 3 3 4 5
17 22 0.019881010055541992 2 2 4 5
17 20 0.027218341827392578 3 2 4 5
18 19 0.0188446044921875 3 2 5 9
18 25 0.03827786445617676 3 2 3 5
18 28 0.10472297668457031 3 2 4 5
18 18 0.03603553771972656 4 3 6 8
18 24 0.025925159454345703 3 3 3 6
18 26 0.02990555763244629 3 3 4 5
18 25 0.02696990966796875 4 4 4 5
18 23 0.016741275787353516 2 2 4 9
18 20 0.01997542381286621 4 4 4 9
18 24 0.039728403091430664 3 2 4 6
18 29 0.02746272087097168 2 2 3 6
18 19 0.01544332504272461 2 2 4 9
18 24 0.024969816207885742 3 3 3 6
18 20 0.02112269401550293 4 4 5 8
18 27 0.06754183769226074 3 2 4 5
18 19 0.016851425170898438 5 5 5 9
18 21 0.0804586410522461 4 3 5 8
18 24 0.024004697799682617 3 3 4 6
18 20 0.02185535430908203 4 4 5 7
18 18 0.018614768981933594 3 3 4 8
18 24 0.11235809326171875 4 3 4 6
18 20 0.0209348201751709 2 2 4 6
18 21 0.08704209327697754 4 3 4 6
18 24 0.03505206108093262 3 2 5 6
18 23 0.021191835403442383 2 2 4 7
18 26 0.02473759651184082 2 2 4 5
18 23 0.019063234329223633 3 3 4 9
18 26 0.03064584732055664 3 3 4 5
18 22 0.03107595443725586 3 2 4 5
18 18 0.015104055404663086 2 2 4 9
18 20 0.019046783447265625 5 5 5 7
18 19 0.01785445213317871 3 3 6 7
18 18 0.01521158218383789 2 2 4 8
18 21 0.01691913604736328 3 3 6 7
18 27 0.028740882873535156 3 3 4 5
18 24 0.023870468139648438 3 3 4 6
18 19 0.017948627471923828 4 4 5 8
18 26 0.028084516525268555 3 3 4 5
18 20 0.019102811813354492 4 4 4 8
18 23 0.020206928253173828 3 3 4 8
18 21 0.024724483489990234 3 2 4 7
18 19 0.021097898483276367 3 3 4 7
18 21 0.0180513858795166 3 3 3 8
18 23 0.02257561683654785 3 3 5 8
18 20 0.060149192810058594 5 5 5 8
18 25 0.2168283462524414 4 3 4 6
18 25 0.04921388626098633 3 3 4 5
18 21 0.021685123443603516 4 4 4 7
18 20 0.019812583923339844 3 2 4 8
18 23 0.022216320037841797 2 2 4 6
18 20 0.035891056060791016 3 3 5 7
18 26 0.028350830078125 3 3 3 6
18 25 0.024822473526000977 3 3 4 7
18 26 0.07924199104309082 3 3 4 5
18 23 0.020782947540283203 4 4 4 6
18 24 0.025003671646118164 3 3 4 6
18 21 0.021939992904663086 3 3 4 5
18 18 0.015713214874267578 2 2 4 10
18 19 0.015866994857788086 2 2 3 10
18 19 0.014598846435546875 3 3 6 11
18 22 0.022394180297851562 4 4 4 7
18 25 0.03959846496582031 3 3 4 5
18 22 0.02311563491821289 3 3 4 7
18 23 0.018386363983154297 3 3 3 8
18 26 0.02554464340209961 4 4 4 6
18 21 0.022830724716186523 3 3 4 7
18 23 0.031548261642456055 3 3 4 5
18 21 0.023846864700317383 3 3 6 6
18 28 0.037161827087402344 3 3 4 4
18 23 0.025004148483276367 3 3 4 7
18 24 0.03885340690612793 3 2 4 5
18 24 0.027829885482788086 3 3 4 6
18 22 0.02955031394958496 3 3 4 6
18 23 0.030500173568725586 3 3 4 6
18 25 0.02880263328552246 3 3 4 5
18 28 0.05174374580383301 3 2 4 6
18 21 0.044068336486816406 3 2 4 6
18 19 0.020967483520507812 4 4 4 8
18 20 0.01687932014465332 3 3 4 9
18 20 0.02213430404663086 4 4 5 6
18 21 0.023204803466796875 3 3 6 7
18 25 0.031670331954956055 3 3 4 5
18 22 0.030415773391723633 4 4 4 5
18 19 0.020195722579956055 3 3 4 8
18 21 0.02128887176513672 5 5 5 7
18 20 0.020595312118530273 2 2 4 8
18 20 0.021371841430664062 3 2 4 8
18 21 0.019093990325927734 3 3 3 9
18 25 0.0507969856262207 3 2 4 5
18 24 0.020757436752319336 3 3 3 8
18 18 0.03580522537231445 4 3 6 8
18 18 0.016389846801757812 6 6 6 8
18 25 0.024983882904052734 3 3 4 5
18 18 0.015576362609863281 3 3 6 10
18 22 0.01706981658935547 2 2 3 10
18 25 0.02718353271484375 3 3 3 5
18 21 0.01833486557006836 2 2 3 9
18 18 0.031213998794555664 4 3 6 10
18 19 0.020509958267211914 5 5 5 8
18 19 0.019083738327026367 2 2 4 7
18 19 0.01617145538330078 5 5 5 8
18 19 0.016642332077026367 2 2 4 10
18 20 0.019623279571533203 2 2 4 6
18 18 0.02548503875732422 4 3 6 8
18 22 0.0222322940826416 3 3 4 6
18 25 0.028692007064819336 2 2 4 6
18 21 0.0238034725189209 4 4 5 7
18 23 0.031210660934448242 3 3 4 5
18 23 0.02959752082824707 3 3 4 6
18 19 0.017359256744384766 3 3 4 8
18 21 0.02037525177001953 3 3 4 7
18 19 0.0200958251953125 3 3 4 7
18 24 0.02285599708557129 3 3 4 7
18 18 0.03766226768493652 4 3 6 8
18 19 0.015249013900756836 4 4 4 10
18 24 0.02469015121459961 3 3 4 6
18 23 0.02527904510498047 2 2 4 4
18 17 0.0014729499816894531 2 2 4 11
19 24 0.026133298873901367 3 3 3 6
19 29 0.033299922943115234 3 3 4 6
19 18 0.0015912055969238281 2 2 4 8
19 24 0.2697756290435791 4 3 4 6
19 22 0.04204130172729492 3 2 5 6
19 19 0.04595446586608887 4 3 6 9
19 18 0.0014548301696777344 3 3 6 9
19 23 0.024167537689208984 3 3 4 9
19 21 0.05336594581604004 4 3 6 8
19 20 0.024715900421142578 2 2 4 8
19 24 0.03176236152648926 3 3 4 7
19 23 0.026941299438476562 4 4 5 7
19 21 0.04070734977722168 3 3 6 7
19 28 0.02465963363647461 2 2 4 8
19 21 0.057204484939575195 3 2 5 6
19 21 0.057968854904174805 3 3 6 7
19 23 0.020524978637695312 2 2 4 9
19 24 0.02062249183654785 2 2 4 10
19 19 0.018985986709594727 4 4 6 10
19 25 0.026862621307373047 3 3 4 6
19 21 0.024433374404907227 5 5 6 7
19 29 0.07111620903015137 3 2 3 6
19 27 0.038356781005859375 3 3 4 4
19 24 0.027306556701660156 3 3 6 7
19 30 0.04129791259765625 3 3 4 5
19 21 0.024485349655151367 4 4 4 8
19 21 0.02337503433227539 4 4 4 7
19 25 0.027802705764770508 3 3 3 7
19 27 0.03595924377441406 3 3 4 5
19 23 0.03816866874694824 4 4 4 6
19 24 0.02795577049255371 3 3 4 8
19 25 0.03391122817993164 3 3 4 7
19 21 0.023165464401245117 3 3 6 8
19 22 0.023053646087646484 4 4 5 8
19 22 0.028949499130249023 4 4 5 6
19 20 0.019130229949951172 4 4 4 12
19 22 0.03613710403442383 3 3 4 5
19 24 0.031039714813232422 4 4 4 6
19 21 0.022016048431396484 3 3 6 8
19 25 0.02946949005126953 3 3 4 5
19 19 0.0179595947265625 2 2 4 11
19 25 0.030504703521728516 3 3 4 6
19 23 0.026735305786132812 3 3 5 7
19 27 0.03428792953491211 3 3 4 5
19 23 0.025104522705078125 4 4 4 9
19 23 0.0421142578125 3 2 4 6
19 22 0.036991119384765625 3 2 4 7
19 23 0.0264432430267334 3 3 5 7
19 21 0.042146921157836914 4 3 5 8
19 24 0.026653289794921875 3 3 4 6
19 22 0.032828569412231445 3 3 4 8
19 21 0.025895357131958008 4 4 5 7
19 20 0.0196685791015625 4 4 4 10
19 24 0.04909992218017578 3 3 4 5
19 35 0.03574991226196289 3 3 3 5
19 23 0.02408289909362793 3 3 4 8
19 23 0.024423837661743164 3 3 4 7
19 24 0.03331494331359863 2 2 4 4
19 23 0.025533676147460938 4 4 4 7
19 24 0.027970075607299805 3 3 4 6
19 26 0.029155731201171875 3 3 4 6
19 25 0.031729936599731445 3 3 4 7
19 24 0.05228304862976074 3 2 4 6
19 28 0.06317257881164551 3 2 4 5
19 21 0.02184891700744629 3 3 4 9
19 28 0.035886287689208984 4 4 4 5
19 22 0.021305561065673828 3 3 6 8
19 21 0.015857458114624023 3 3 3 13
19 22 0.11664080619812012 4 2 5 7
19 26 0.027179241180419922 5 5 5 6
19 30 0.03594851493835449 3 3 4 5
19 22 0.023885011672973633 4 4 5 7
19 23 0.0248868465423584 3 3 4 7
19 33 0.04317045211791992 3 3 3 4
19 21 0.02886486053466797 3 2 4 8
19 28 0.030512332916259766 3 3 4 5
19 22 0.03241276741027832 3 2 4 8
19 24 0.02461528778076172 4 4 4 6
19 21 0.031408071517944336 4 3 5 10
19 26 0.0626382827758789 4 4 4 7
19 22 0.023571491241455078 2 2 3 7
19 22 0.022809982299804688 4 4 6 8
19 22 0.023273468017578125 4 4 4 7
19 18 0.0016021728515625 2 2 4 8
19 24 0.030986547470092773 3 3 4 6
19 26 0.03574514389038086 2 2 4 6
19 22 0.021007776260375977 3 3 4 9
19 21 0.018886327743530273 2 2 4 9
19 21 0.01813793182373047 2 2 4 10
19 22 0.02905750274658203 3 2 4 7
19 20 0.02579045295715332 3 3 5 7
19 31 0.0346071720123291 3 3 3 5
19 18 0.0018529891967773438 3 3 6 10
19 29 0.1201174259185791 3 3 4 5
19 20 0.016805171966552734 2 2 4 10
19 21 0.019960403442382812 4 4 7 9
19 23 0.02523493766784668 5 5 5 7
19 28 0.03330802917480469 3 3 4 5
19 27 0.028183460235595703 3 3 3 7
19 20 0.020972728729248047 3 3 6 8
19 31 0.05696225166320801 3 2 3 5
19 18 0.001428365707397461 3 3 6 10
19 21 0.020122766494750977 3 3 3 9
19 22 0.028933286666870117 4 4 4 5
19 21 0.02365279197692871 3 3 5 7
19 21 0.02392745018005371 4 4 5 7
19 23 0.023936033248901367 3 3 5 6
19 22 0.01937723159790039 3 3 6 9
19 21 0.02255868911743164 3 3 4 7
19 25 0.027904987335205078 3 3 4 6
19 19 0.017494678497314453 3 3 6 10
19 20 0.08370256423950195 4 2 5 8
20 21 0.036153316497802734 4 4 6 8
20 22 0.02320098876953125 3 3 4 11
20 21 0.020483970642089844 3 3 5 10
20 24 0.025124073028564453 3 3 4 8
20 22 0.019370317459106445 2 2 3 10
20 23 0.019365787506103516 2 2 4 11
20 21 0.024504661560058594 3 2 5 10
20 25 0.07374334335327148 3 2 5 6
20 22 0.03234982490539551 5 5 5 6
20 21 0.02470707893371582 2 2 4 9
20 22 0.021863698959350586 3 3 4 9
20 22 0.032894134521484375 3 3 6 7
20 24 0.03129863739013672 3 3 5 6
20 23 0.07004380226135254 4 4 4 10
20 24 0.03489804267883301 3 2 5 10
20 22 0.031058311462402344 3 3 6 6
20 25 0.04274892807006836 3 2 4 8
20 26 0.02747964859008789 3 3 4 9
20 25 0.07218790054321289 4 4 5 7
20 23 0.032630205154418945 4 4 5 6
20 24 0.03065967559814453 4 4 5 7
20 27 0.03905606269836426 3 3 4 6
20 22 0.02976059913635254 3 3 5 8
20 27 0.0379180908203125 3 3 4 6
20 26 0.03980422019958496 3 3 4 6
20 26 0.038335323333740234 4 4 4 7
20 23 0.03329277038574219 4 4 5 8
20 29 0.0507659912109375 2 2 4 8
20 22 0.02359747886657715 4 4 4 10
20 21 0.023563861846923828 4 4 4 10
20 22 0.022869348526000977 3 3 4 10
20 27 0.15504026412963867 3 3 4 6
20 28 0.03229808807373047 3 3 5 7
20 25 0.10405278205871582 3 3 6 6
20 31 0.03996849060058594 3 3 4 5
20 28 0.035268545150756836 3 3 4 6
20 30 0.040184736251831055 3 3 4 5
20 24 0.02950882911682129 3 2 4 9
20 23 0.0659630298614502 4 3 5 7
20 24 0.027800321578979492 5 5 5 7
20 30 0.042717695236206055 3 3 4 5
20 22 0.03982901573181152 3 3 5 6
20 22 0.04061722755432129 4 3 6 8
20 26 0.03944563865661621 3 3 4 8
20 26 0.03677678108215332 3 3 4 6
20 24 0.07498884201049805 4 3 6 7
20 27 0.036513328552246094 3 3 4 7
20 22 0.031632423400878906 3 3 4 7
20 23 0.040747642517089844 2 2 4 5
20 25 0.023183345794677734 3 3 4 9
20 22 0.09001636505126953 4 3 6 8
20 22 0.030961275100708008 2 2 4 9
20 19 0.0016319751739501953 2 2 4 14
20 28 0.03852438926696777 4 4 4 6
20 30 0.04154515266418457 3 3 3 6
20 26 0.036052703857421875 4 4 5 7
20 28 0.049166202545166016 4 4 4 7
20 21 0.0236663818359375 3 3 3 10
20 22 0.018047571182250977 2 2 4 12
20 24 0.03686261177062988 3 3 4 6
20 20 0.025687694549560547 3 3 5 8
20 24 0.030046939849853516 3 3 5 8
20 27 0.04341864585876465 3 3 4 5
20 25 0.02701425552368164 4 4 6 8
20 24 0.02496194839477539 3 3 4 9
20 25 0.04601550102233887 3 2 4 7
20 24 0.024354934692382812 3 3 4 9
20 23 0.024424314498901367 4 4 4 8
20 23 0.026041507720947266 3 3 4 8
20 25 0.04094505310058594 3 3 4 7
20 21 0.026363372802734375 4 4 6 7
20 28 0.03636884689331055 2 2 4 6
20 24 0.027792692184448242 4 4 6 7
20 28 0.04026675224304199 3 3 4 5
20 23 0.025545835494995117 4 4 4 8
20 20 0.029634952545166016 3 3 4 10
20 22 0.0422053337097168 3 3 5 8
20 21 0.033837318420410156 3 3 4 9
20 21 0.04934430122375488 3 3 6 7
20 23 0.043463706970214844 3 3 5 6
20 26 0.038256168365478516 3 3 4 6
20 25 0.08537507057189941 3 3 4 6
20 21 0.021669626235961914 3 3 6 10
20 25 0.03482317924499512 3 3 4 6
20 27 0.03616786003112793 3 3 4 6
20 21 0.043767452239990234 4 4 6 7
20 23 0.031319379806518555 3 3 5 6
20 25 0.03917407989501953 3 3 4 5
20 25 0.026975631713867188 4 4 5 8
20 21 0.03177523612976074 3 3 4 7
20 22 0.03586578369140625 3 3 6 8
20 22 0.02868342399597168 4 4 5 8
20 20 0.03517007827758789 4 3 6 10
21 22 0.05285453796386719 4 3 5 10
21 26 0.04026627540588379 4 4 5 7
21 29 0.04004359245300293 4 4 4 6
21 24 0.03252077102661133 4 4 5 9
21 35 0.05396890640258789 3 3 4 5
21 29 0.0427706241607666 3 3 4 6
21 22 0.02534031867980957 3 3 4 10
21 23 0.04205465316772461 4 3 6 9
21 26 0.060733795166015625 3 3 4 6
21 21 0.025555849075317383 4 4 5 11
21 27 0.03703474998474121 3 3 5 7
21 26 0.07358217239379883 3 3 5 6
21 36 0.06043219566345215 3 3 3 4
21 20 0.0016684532165527344 2 2 4 12
21 24 0.030747175216674805 3 3 4 10
21 33 0.05692148208618164 3 3 4 4
21 24 0.030811786651611328 4 4 6 9
21 24 0.029911279678344727 2 2 4 9
21 24 0.042444467544555664 4 4 4 7
21 26 0.047181129455566406 4 4 4 6
21 25 0.03524947166442871 3 3 4 7
21 23 0.03394150733947754 3 2 5 9
21 20 0.0016438961029052734 3 3 6 9
21 41 0.05393242835998535 3 3 3 6
21 24 0.03358197212219238 4 4 5 7
21 26 0.035918474197387695 4 4 4 7
21 29 0.04022669792175293 4 4 5 6
21 23 0.03344321250915527 3 3 5 8
21 32 0.06432247161865234 4 4 4 5
21 29 0.05755257606506348 3 3 4 7
21 25 0.026973485946655273 3 3 4 11
21 30 0.04152345657348633 4 4 4 6
21 25 0.033106327056884766 3 3 6 7
21 26 0.03930783271789551 4 4 4 9
21 28 0.05431246757507324 3 3 5 6
21 25 0.08615803718566895 3 2 4 6
21 26 0.10260176658630371 3 2 5 6
21 30 0.07238340377807617 3 2 4 6
21 25 0.03030109405517578 3 3 4 9
21 24 0.1920928955078125 4 3 6 7
21 27 0.0688328742980957 3 3 4 6
21 26 0.05479741096496582 4 4 5 5
21 25 0.04295206069946289 4 4 4 8
21 25 0.04463052749633789 4 4 4 7
21 24 0.03697466850280762 4 4 4 6
21 24 0.025284528732299805 3 3 6 11
21 26 0.04456329345703125 4 4 5 6
21 24 0.03577923774719238 4 4 4 7
21 27 0.0291748046875 4 4 4 10
21 22 0.03107142448425293 4 4 6 10
21 26 0.03799629211425781 4 4 4 8
21 25 0.03178215026855469 3 3 5 9
21 26 0.09354472160339355 4 3 4 8
21 24 0.027485370635986328 3 3 4 10
21 24 0.048757314682006836 4 4 6 7
21 24 0.04090571403503418 4 4 5 7
21 27 0.11134815216064453 4 3 4 8
21 28 0.036614418029785156 3 3 4 6
21 25 0.04176592826843262 4 4 4 7
21 24 0.02791905403137207 3 3 5 9
21 26 0.02938103675842285 2 2 4 8
21 29 0.10388326644897461 4 3 4 8
21 22 0.026984453201293945 4 4 4 10
21 24 0.036100149154663086 4 4 4 9
21 28 0.03385043144226074 2 2 4 8
21 28 0.045067548751831055 4 4 4 5
21 26 0.03025674819946289 4 4 4 9
21 24 0.04617905616760254 4 3 5 9
21 25 0.032655954360961914 5 5 5 7
21 27 0.04087948799133301 4 4 5 7
21 28 0.038263797760009766 3 3 4 6
21 26 0.03578352928161621 4 4 4 8
21 26 0.03576922416687012 5 5 6 7
21 20 0.0038521289825439453 3 3 6 11
21 24 0.032884836196899414 4 4 4 9
21 33 0.4053516387939453 3 3 5 6
21 24 0.03201699256896973 5 5 6 7
21 30 0.06346273422241211 3 3 4 7
21 25 0.030734777450561523 3 3 4 9
21 22 0.07593107223510742 4 3 6 7
21 24 0.031908512115478516 5 5 5 8
21 24 0.058386802673339844 4 3 6 9
21 21 0.041278839111328125 3 2 5 10
21 25 0.06973409652709961 3 3 6 8
21 22 0.024125099182128906 3 3 6 11
21 26 0.07439732551574707 3 3 6 6
21 25 0.04883003234863281 3 3 4 6
21 23 0.03617072105407715 3 3 6 7
21 28 0.04689383506774902 4 4 5 6
21 29 0.09261202812194824 3 3 4 6
21 27 0.054456233978271484 3 3 4 7
21 28 0.046945810317993164 3 3 4 6
21 23 0.07423090934753418 4 3 4 10
21 27 0.028583049774169922 2 2 4 10
21 22 0.02449941635131836 3 3 5 10
21 28 0.04545927047729492 3 3 4 6
21 24 0.03905653953552246 4 4 4 7
21 28 0.03627777099609375 3 3 4 7
21 24 0.039726972579956055 4 4 6 7
21 31 0.04304957389831543 3 3 4 7
21 38 0.20713233947753906 3 2 3 4
21 26 0.04080843925476074 3 3 5 6
22 24 0.09793305397033691 4 3 6 11
22 30 0.05204153060913086 4 4 4 7
22 34 1.890237808227539 3 2 4 6
22 23 0.03682279586791992 3 3 5 9
22 28 0.046338796615600586 4 4 5 8
22 25 0.03718400001525879 3 3 4 10
22 30 1.1379482746124268 4 3 5 6
22 23 0.025005817413330078 2 2 4 12
22 22 0.02807140350341797 3 3 6 12
22 31 0.058502197265625 4 4 4 5
22 26 0.13066434860229492 4 3 5 7
22 22 0.030853986740112305 3 3 4 10
22 27 0.040724754333496094 3 3 4 8
22 24 0.032094717025756836 3 3 5 10
22 25 0.040558576583862305 3 3 6 7
22 34 0.12615370750427246 3 2 4 5
22 26 0.031796932220458984 3 3 4 10
22 28 0.05000758171081543 3 3 5 6
22 31 0.09268593788146973 3 2 3 7
22 26 0.042901039123535156 4 4 5 6
22 37 0.06024599075317383 3 3 4 5
22 26 0.031632423400878906 3 3 4 9
22 28 0.04294466972351074 4 4 4 8
22 27 0.041423797607421875 4 4 4 7
22 21 0.0020427703857421875 3 3 6 11
22 30 0.05464887619018555 4 4 4 6
22 29 0.04902338981628418 4 4 4 7
22 26 0.04867720603942871 4 4 5 6
22 22 0.022803544998168945 5 5 10 14
22 24 0.03204059600830078 4 4 4 9
22 21 0.0020482540130615234 3 3 6 13
22 31 0.0972285270690918 3 2 4 5
22 23 0.04619574546813965 4 4 7 10
22 25 0.19822382926940918 4 3 5 8
22 30 0.04817461967468262 4 4 4 6
22 28 0.2730433940887451 4 4 5 6
22 24 0.03115081787109375 3 3 6 9
22 27 0.0355226993560791 4 4 4 8
22 28 0.041985511779785156 4 4 5 7
22 24 0.026306629180908203 2 2 4 13
22 31 0.05926108360290527 3 3 4 6
22 29 0.22878813743591309 4 3 5 6
22 26 0.03824305534362793 4 4 5 10
22 25 0.03477740287780762 4 4 5 9
22 25 0.026012659072875977 2 2 3 13
22 31 0.0542604923248291 3 3 4 6
22 29 0.2424478530883789 4 3 5 6
22 26 0.08163309097290039 4 3 5 9
22 25 0.04034996032714844 4 4 5 9
22 25 0.040673255920410156 3 3 6 7
22 26 0.03346443176269531 3 3 4 10
22 27 0.035059452056884766 3 3 4 10
22 27 0.03962993621826172 4 4 6 8
22 27 0.04153132438659668 5 5 5 7
22 28 0.5220367908477783 4 3 6 6
22 27 0.03207850456237793 3 3 3 10
22 30 0.04246664047241211 3 3 4 7
22 22 0.030488967895507812 3 3 6 9
22 26 0.03346896171569824 4 4 4 10
22 29 0.04273653030395508 3 3 5 6
22 24 0.02904820442199707 4 4 6 10
22 27 0.04354453086853027 4 4 4 7
22 25 0.03864741325378418 4 4 4 7
22 30 0.49512195587158203 4 3 5 5
22 27 0.07219123840332031 4 3 4 8
22 36 0.0667884349822998 3 3 4 5
22 25 0.036293745040893555 3 3 4 8
22 29 0.05622506141662598 3 3 4 5
22 25 0.1491987705230713 4 3 6 10
22 34 0.07029128074645996 3 3 4 5
22 26 0.04604697227478027 3 2 5 8
22 28 0.044463396072387695 4 4 4 7
22 26 0.0769507884979248 3 3 5 7
22 27 0.3362712860107422 4 2 5 7
22 30 0.09355926513671875 3 2 4 6
22 23 0.06986498832702637 4 3 5 9
22 30 0.046436309814453125 4 4 4 6
22 22 0.025505781173706055 2 2 4 13
22 22 0.028998136520385742 7 7 7 10
22 24 0.02906966209411621 3 3 6 10
22 29 0.08469414710998535 3 2 4 5
22 22 0.027388572692871094 3 3 6 10
22 25 0.08005309104919434 4 3 5 9
23 24 0.08652973175048828 4 3 6 8
23 25 0.04142618179321289 4 4 6 10
23 24 0.02789592742919922 3 3 6 13
23 22 0.0029141902923583984 3 3 6 11
23 39 0.16036272048950195 3 2 5 5
23 25 0.024863719940185547 2 2 4 15
23 26 0.038632869720458984 4 4 7 10
23 24 0.04090476036071777 2 2 4 7
23 25 0.04309344291687012 4 4 4 8
23 24 0.028605937957763672 3 3 4 14
23 22 0.003511667251586914 3 3 6 9
23 29 1.0320236682891846 4 3 4 7
23 34 0.06167721748352051 3 3 4 7
23 27 0.03517341613769531 4 4 4 12
23 23 0.032526254653930664 3 3 4 11
23 24 0.03286433219909668 2 2 4 11
23 32 0.10108137130737305 2 2 4 6
23 28 0.043910980224609375 4 4 5 9
23 31 0.093414306640625 3 3 5 7
23 28 0.044660329818725586 3 3 4 9
23 25 0.13262200355529785 4 3 6 7
23 25 0.14228320121765137 4 4 6 8
23 24 0.030300617218017578 2 2 4 10
23 24 0.03484296798706055 4 4 6 11
23 29 0.05034589767456055 3 3 4 8
23 28 0.04837346076965332 5 5 5 7
23 30 0.0641932487487793 3 3 4 7
23 27 0.04799532890319824 4 4 5 8
23 30 0.052947282791137695 4 4 5 8
23 28 0.04532456398010254 4 4 5 8
23 32 0.12488770484924316 3 3 4 5
23 27 0.17854809761047363 4 3 6 9
23 29 0.05695939064025879 3 3 5 6
23 29 0.0572209358215332 3 3 4 8
23 26 0.0373082160949707 7 7 7 9
23 27 0.04887580871582031 4 4 5 7
23 26 0.04159116744995117 3 3 6 9
23 35 0.06946587562561035 3 3 4 6
23 22 0.0033957958221435547 3 3 6 8
23 26 0.0480799674987793 4 4 5 8
23 28 0.08165502548217773 5 5 6 7
23 26 0.050904273986816406 3 3 5 7
23 38 0.07572054862976074 3 3 4 6
23 26 0.04212141036987305 4 4 6 8
23 31 0.06020808219909668 3 3 4 6
23 31 0.051512718200683594 3 3 6 6
23 30 0.08940553665161133 3 2 4 6
23 29 0.055313825607299805 4 4 5 8
23 28 0.07534599304199219 3 3 4 7
23 27 0.052986860275268555 3 3 4 9
23 29 0.047339677810668945 4 4 6 7
23 34 0.06632733345031738 3 3 4 6
23 29 0.05473947525024414 3 3 5 7
23 31 0.0633397102355957 3 3 4 6
23 26 0.04860830307006836 4 4 7 8
23 34 0.11261224746704102 3 2 4 6
23 28 0.0558924674987793 4 4 5 7
23 29 0.1112208366394043 4 3 5 7
23 31 0.1007072925567627 3 3 4 6
23 32 0.05695009231567383 3 3 4 6
23 37 0.06843137741088867 3 3 5 6
23 25 0.04061412811279297 3 3 4 9
23 24 0.03411507606506348 4 4 5 11
23 27 0.03741765022277832 3 3 5 10
23 27 0.05752277374267578 3 3 5 8
23 23 0.03765106201171875 3 3 6 8
23 28 0.17297649383544922 3 3 6 9
23 29 0.061713457107543945 3 3 4 6
23 35 1.6258494853973389 4 3 4 6
23 25 0.22904539108276367 4 3 5 8
23 23 0.03741264343261719 3 3 6 8
23 25 0.039834022521972656 3 3 6 9
23 26 0.18179559707641602 4 3 6 9
23 27 0.05144023895263672 4 4 5 7
23 28 0.12123513221740723 4 4 6 8
23 25 0.042005300521850586 3 3 4 8
24 27 0.04567146301269531 4 4 5 9
24 28 0.03741455078125 3 3 4 10
24 33 3.1668760776519775 4 3 6 7
24 35 0.06961894035339355 2 2 4 7
24 34 0.10132312774658203 3 3 5 6
24 25 0.03983664512634277 4 4 5 11
24 33 0.06085205078125 3 3 4 7
24 23 0.002089977264404297 2 2 4 15
24 27 0.05134439468383789 3 3 4 8
24 28 0.04574394226074219 3 3 4 10
24 25 0.041385650634765625 3 3 4 10
24 32 0.06713128089904785 3 3 5 7
24 24 0.03976106643676758 5 5 8 10
24 25 0.04102134704589844 5 5 5 10
24 26 0.04980349540710449 3 3 5 7
24 28 0.044875383377075195 3 3 4 8
24 38 0.08163857460021973 3 3 4 5
24 25 0.10419774055480957 4 3 6 8
24 27 0.05504131317138672 5 5 6 8
24 29 0.04316449165344238 2 2 4 10
24 25 0.4749410152435303 4 3 6 8
24 32 0.06395840644836426 4 4 5 8
24 29 0.16245055198669434 4 4 6 8
24 28 0.06631112098693848 4 4 5 7
24 30 0.09777116775512695 3 3 5 8
24 27 0.047075510025024414 4 4 4 9
24 29 0.07680726051330566 3 3 4 7
24 27 0.05571269989013672 4 4 5 9
24 26 0.05634760856628418 5 5 6 8
24 27 0.04530668258666992 3 3 4 8
24 27 0.046607255935668945 4 4 8 8
24 34 2.032693386077881 4 3 6 7
24 23 0.0024089813232421875 3 3 6 12
24 36 0.0718235969543457 3 3 4 6
24 27 0.16883087158203125 3 3 6 8
24 28 0.07416510581970215 4 4 5 7
24 30 0.07408308982849121 4 4 6 7
24 30 0.05560946464538574 4 4 6 9
24 27 0.05825996398925781 4 4 5 8
24 28 0.09137177467346191 4 3 6 9
24 27 0.07494235038757324 4 4 5 6
24 29 0.06847238540649414 4 4 5 7
24 26 0.05281972885131836 3 3 6 8
24 28 0.06337881088256836 4 4 4 9
24 28 0.10906362533569336 4 4 5 9
24 28 0.06047248840332031 4 4 5 8
24 28 0.28514766693115234 5 4 5 9
24 25 0.033739328384399414 3 3 4 13
24 36 3.4879233837127686 4 3 5 6
24 31 0.329439640045166 4 3 4 8
24 29 0.06366395950317383 4 4 4 7
24 35 0.07833266258239746 3 3 4 6
24 27 0.05795788764953613 3 2 4 9
24 28 0.0543057918548584 5 5 6 9
24 28 0.24421453475952148 4 3 5 8
24 27 0.04305076599121094 6 6 6 9
24 28 0.05214285850524902 3 3 5 8
24 33 0.11815142631530762 3 3 4 5
24 34 0.06994199752807617 4 4 4 6
24 30 0.04541945457458496 3 3 4 10
24 28 0.10416579246520996 4 3 7 8
24 28 0.03779482841491699 3 3 4 11
24 25 0.039440155029296875 3 3 6 9
24 32 0.3381311893463135 4 3 5 9
24 24 0.04650592803955078 4 4 6 11
24 30 0.06755971908569336 3 3 4 6
24 31 0.13179540634155273 3 2 5 7
24 30 0.04959392547607422 4 4 4 9
24 28 0.054285526275634766 3 3 4 7
24 32 0.5945906639099121 4 3 5 7
24 24 0.039569854736328125 3 3 6 10
24 25 0.046924591064453125 3 3 6 7
24 26 0.04713869094848633 5 5 6 9
25 32 0.09008216857910156 3 3 5 6
25 37 1.370176076889038 4 3 5 8
25 25 0.06423234939575195 4 3 7 10
25 27 0.05555558204650879 4 4 6 9
25 28 0.05126190185546875 5 5 5 8
25 31 0.08558464050292969 3 3 4 10
25 27 0.05991220474243164 4 4 4 9
25 33 0.0772244930267334 3 3 5 8
25 29 0.13329195976257324 4 3 5 7
25 26 0.04476451873779297 2 2 4 10
25 29 0.3981950283050537 5 4 6 10
25 30 0.07087373733520508 4 4 5 7
25 29 0.05500364303588867 4 4 6 9
25 26 0.5345735549926758 4 3 5 8
25 27 0.061884403228759766 4 4 5 9
25 31 0.07888984680175781 4 4 5 7
25 29 0.0685420036315918 3 3 6 10
25 26 0.09302067756652832 4 3 6 11
25 26 0.06282877922058105 4 4 5 8
25 27 0.05331778526306152 5 5 6 9
25 26 0.05145001411437988 3 3 4 9
25 29 0.053830862045288086 3 3 4 9
25 30 0.07878637313842773 3 3 5 8
25 26 0.04367780685424805 2 2 4 10
25 27 0.0632028579711914 3 3 6 8
25 29 0.060003042221069336 4 4 5 8
25 26 0.0492856502532959 5 5 6 9
25 27 0.05460691452026367 6 6 7 8
25 33 0.07785272598266602 4 4 5 7
25 37 0.08067703247070312 3 3 4 8
25 32 0.07946252822875977 3 3 5 6
25 30 0.23809027671813965 4 3 6 8
25 32 3.411074638366699 4 3 6 8
25 26 0.18196392059326172 4 3 7 10
25 33 0.13964509963989258 3 2 4 9
25 36 0.10781574249267578 3 3 4 6
25 33 1.1069319248199463 4 3 5 7
25 26 0.03764653205871582 5 5 5 15
25 26 0.05048680305480957 6 6 6 9
25 31 0.11888527870178223 4 4 5 7
25 28 0.040514469146728516 3 3 4 13
25 30 0.1284804344177246 3 2 5 6
25 32 0.2743532657623291 4 3 6 8
25 35 0.09605741500854492 3 3 5 5
25 28 0.04167604446411133 3 3 4 13
25 28 0.04275012016296387 3 3 4 13
25 29 0.14069294929504395 4 3 7 10
25 42 0.0995028018951416 3 3 4 7
25 32 0.09283304214477539 3 3 5 7
25 37 0.08275222778320312 3 3 4 6
25 30 0.07013654708862305 4 4 6 7
25 30 0.10922932624816895 4 4 5 7
25 32 0.07275819778442383 5 5 5 8
25 36 0.08876824378967285 4 4 4 5
25 29 0.06324410438537598 4 4 6 8
25 29 0.09888315200805664 3 3 4 8
25 29 2.0051677227020264 5 3 6 8
25 28 0.0552830696105957 3 2 4 12
25 32 0.8076581954956055 4 3 5 7
25 28 0.04380989074707031 3 3 4 13
25 32 0.0651543140411377 4 4 5 8
25 26 0.0548098087310791 3 3 6 10
25 31 0.7042233943939209 4 3 5 7
25 29 0.060842037200927734 3 3 5 9
25 27 0.04360699653625488 5 5 6 10
25 28 0.05584859848022461 4 4 5 9
25 30 0.07219624519348145 4 4 5 7
25 29 0.06349802017211914 4 4 4 7
25 28 0.06117057800292969 4 4 4 8
25 28 0.2060105800628662 4 3 5 9
25 29 0.17093372344970703 4 3 5 8
25 29 0.0645294189453125 4 4 5 8
25 29 0.056711673736572266 3 3 6 9
25 31 0.05920577049255371 4 4 5 9
25 34 0.08081364631652832 3 3 4 6
25 35 0.13633227348327637 3 3 4 7
25 27 0.06543254852294922 3 2 5 9
25 29 0.07925128936767578 3 3 6 9
25 31 0.0850532054901123 3 3 5 8
25 29 0.06214451789855957 5 5 6 9
25 29 0.06401371955871582 3 3 5 9
25 26 0.05769848823547363 3 2 5 10
25 29 0.054328203201293945 3 3 5 10
25 25 0.08530926704406738 4 4 8 10
25 24 0.0030333995819091797 2 2 4 10
25 28 0.07262420654296875 3 3 6 8
26 36 0.12595558166503906 3 3 4 5
26 30 0.2244558334350586 4 3 6 9
26 33 0.07603335380554199 3 3 5 8
26 32 0.08170938491821289 4 4 4 8
26 28 0.04138374328613281 2 2 4 14
26 26 0.08308935165405273 4 4 8 13
26 28 0.060150146484375 5 5 5 9
26 29 0.17627310752868652 3 3 6 8
26 28 0.06075549125671387 3 3 6 11
26 26 0.04666304588317871 3 3 6 14
26 28 0.07435226440429688 4 4 6 8
26 34 0.06526017189025879 4 4 5 8
26 27 0.058438777923583984 3 3 6 9
26 27 0.06231379508972168 4 4 5 8
26 32 0.09277200698852539 4 4 5 6
26 30 0.07693219184875488 5 5 5 8
26 28 0.06381821632385254 4 4 6 10
26 29 0.06689596176147461 3 3 6 10
26 29 0.07334136962890625 3 3 4 8
26 36 3.116211175918579 4 3 4 6
26 27 0.05903339385986328 4 4 4 9
26 31 0.07014250755310059 3 3 6 10
26 27 0.1319727897644043 4 3 6 8
26 33 0.08360052108764648 3 3 5 8
26 31 0.08404755592346191 4 4 6 7
26 26 0.05043649673461914 3 2 5 13
26 28 0.041341304779052734 3 3 6 14
26 27 0.04357600212097168 2 2 4 11
26 30 0.061595916748046875 3 3 4 9
26 30 0.08516836166381836 4 4 5 6
26 36 1.378591775894165 4 3 5 9
26 33 0.11394762992858887 5 5 5 8
26 26 0.0648951530456543 5 5 6 8
26 29 0.05508112907409668 3 3 5 11
26 29 0.052861928939819336 4 4 4 12
26 32 0.06841254234313965 5 5 6 8
26 32 0.5463657379150391 4 3 5 7
26 38 0.10969805717468262 3 3 4 6
26 31 1.5534389019012451 5 5 6 7
26 36 0.09339451789855957 3 3 5 7
26 30 0.06911182403564453 3 3 6 10
26 30 1.4474780559539795 5 4 8 11
26 31 0.0767374038696289 4 4 6 8
26 28 0.06057476997375488 4 4 5 11
26 31 0.05882620811462402 4 4 4 10
26 29 0.955742359161377 5 4 8 9
26 29 0.5801904201507568 5 4 6 9
26 34 0.27045631408691406 3 2 4 6
26 31 0.06571388244628906 4 4 7 10
26 29 0.07175159454345703 5 5 6 9
26 32 0.35887622833251953 4 3 7 9
26 35 5.191131830215454 4 3 4 7
26 28 0.05514073371887207 5 5 6 11
26 31 1.3197474479675293 4 4 6 8
26 38 0.11380195617675781 3 3 4 5
26 31 0.057889699935913086 4 4 5 9
26 29 0.19926834106445312 4 3 6 8
26 34 0.16016650199890137 3 3 5 6
26 32 0.0934903621673584 4 4 5 8
26 32 0.07456851005554199 4 4 4 9
26 32 0.2593560218811035 4 4 6 10
26 26 0.5495193004608154 5 4 8 10
26 31 0.06921243667602539 4 4 4 9
26 36 2.3069138526916504 4 3 6 8
26 28 0.052217960357666016 4 4 5 11
26 30 0.10930299758911133 4 4 5 10
26 32 0.08573412895202637 3 3 5 7
26 32 0.08734416961669922 4 4 5 6
26 34 0.09178352355957031 3 3 5 7
26 36 0.0872950553894043 3 3 4 6
26 37 1.3650970458984375 4 3 5 7
26 36 0.09470891952514648 4 4 5 7
26 28 0.13606762886047363 4 4 6 10
26 27 0.05619502067565918 4 4 5 9
26 34 0.688493013381958 4 3 6 10
26 32 0.08522200584411621 3 3 4 7
26 27 0.06846022605895996 3 3 6 10
26 27 0.04227185249328613 3 3 6 13
26 28 0.997931718826294 5 4 6 9
26 32 0.07726788520812988 4 4 5 9
26 27 0.0574343204498291 4 4 6 9
26 42 0.1268773078918457 4 4 4 5
26 27 0.06432127952575684 5 5 6 11
27 28 0.05649924278259277 4 4 4 11
27 31 0.07663869857788086 3 3 4 9
27 30 0.37973785400390625 5 4 6 9
27 36 0.08895158767700195 3 3 4 8
27 31 1.0537142753601074 5 4 6 8
27 33 0.5604488849639893 4 3 5 8
27 28 0.07380318641662598 4 4 5 9
27 29 0.09023237228393555 4 4 5 9
27 36 1.2736308574676514 4 3 5 7
27 27 0.056710243225097656 3 3 6 13
27 31 0.06450486183166504 4 4 5 11
27 31 0.10655927658081055 4 4 5 10
27 33 0.10186266899108887 3 3 6 7
27 32 0.6882693767547607 4 3 6 7
27 31 0.1369023323059082 4 4 5 8
27 30 0.1017615795135498 4 4 5 6
27 33 0.433596134185791 4 3 5 7
27 31 0.4599597454071045 4 3 5 12
27 35 0.08688640594482422 4 4 6 7
27 29 0.08334016799926758 3 3 6 8
27 29 0.06601572036743164 5 5 5 10
27 30 0.06633329391479492 6 6 6 9
27 37 0.10970377922058105 3 3 6 6
27 28 0.056208133697509766 4 4 6 9
27 29 0.06018996238708496 4 4 4 11
27 35 0.2626183032989502 4 3 5 7
27 32 0.08774590492248535 5 5 5 9
27 31 1.3451409339904785 5 4 6 8
27 36 0.2610342502593994 4 3 5 9
27 39 0.10716819763183594 3 3 5 7
27 30 0.7151546478271484 4 3 5 9
27 35 0.11521196365356445 3 3 5 6
27 30 0.07235050201416016 4 4 6 9
27 31 0.4104125499725342 5 4 6 9
27 30 0.0682375431060791 4 4 6 8
27 32 0.09004092216491699 3 3 6 10
27 27 0.05290532112121582 3 3 6 11
27 30 0.07755565643310547 5 5 6 8
27 37 0.11256766319274902 4 4 4 7
27 35 0.09259963035583496 5 5 6 8
27 28 0.07272505760192871 5 5 7 10
27 38 1.1683425903320312 4 3 5 6
27 33 0.10031676292419434 4 4 6 7
27 37 2.86824893951416 4 3 5 5
27 33 0.07166910171508789 3 3 5 10
27 35 0.11655306816101074 4 4 5 7
27 30 0.06211662292480469 6 6 7 11
27 34 3.9482829570770264 5 4 6 8
27 31 0.06655454635620117 6 6 7 11
27 33 0.06948256492614746 3 3 4 10
27 34 0.09918904304504395 5 5 6 7
27 31 0.06767463684082031 7 7 7 9
27 31 0.05275082588195801 3 3 4 11
27 32 0.25725746154785156 5 4 6 9
27 31 0.07047390937805176 5 5 5 10
27 35 0.10801482200622559 3 3 5 7
27 36 0.08637404441833496 4 4 5 8
27 28 0.5547277927398682 5 4 8 12
27 34 0.19755864143371582 4 3 5 8
27 32 0.10266637802124023 4 4 5 6
27 35 0.1326904296875 3 3 6 6
27 37 0.11280560493469238 4 4 5 7
27 37 0.11082148551940918 3 3 5 6
27 33 2.5698792934417725 4 3 6 9
27 32 0.12445545196533203 4 4 6 8
27 27 0.05170416831970215 3 3 6 13
27 29 0.12341046333312988 4 3 6 11
27 27 0.061956167221069336 3 3 6 11
27 28 0.07767939567565918 3 3 6 7
27 34 0.3803410530090332 4 4 5 7
27 31 0.0706489086151123 6 6 6 9
27 32 0.10005688667297363 5 5 6 7
27 31 0.17467546463012695 4 4 6 9
27 34 0.08706331253051758 5 5 5 9
27 37 0.11668777465820312 3 3 5 6
27 36 0.10952615737915039 4 4 5 7
27 32 0.08167147636413574 5 5 5 9
27 30 0.0719003677368164 3 3 5 10
27 32 0.35160350799560547 4 4 5 8
27 33 0.09441447257995605 3 3 4 7
27 31 0.3609037399291992 4 3 5 9
27 35 0.29540228843688965 3 3 6 7
27 35 0.3016362190246582 4 3 6 7
27 32 0.22899603843688965 4 3 6 7
27 35 1.1039950847625732 4 3 4 8
27 31 0.07991290092468262 4 4 6 8
27 29 0.0697472095489502 4 4 8 12
27 27 0.044498443603515625 2 2 4 15
27 29 0.0696115493774414 3 3 6 10
27 31 0.7148666381835938 4 3 5 7
27 27 0.05262351036071777 4 4 8 12
27 32 0.08438920974731445 3 3 4 9
27 30 0.07668423652648926 3 3 6 9
28 31 0.07736897468566895 3 3 6 10
28 38 0.12842726707458496 4 4 5 6
28 32 0.09238290786743164 4 4 6 8
28 30 0.08186697959899902 4 4 4 10
28 38 3.4977009296417236 4 3 5 6
28 36 0.12208700180053711 3 3 4 6
28 31 0.10877299308776855 4 4 6 7
28 29 0.06863188743591309 3 3 6 12
28 29 0.411574125289917 4 4 6 9
28 33 0.45008397102355957 4 3 6 8
28 30 7.126343011856079 6 5 6 9
28 32 0.10422968864440918 5 5 5 8
28 30 0.10053563117980957 4 4 6 8
28 35 0.16735601425170898 3 3 6 8
28 31 0.8668842315673828 5 4 6 8
28 38 43.423643589019775 5 4 5 8
28 36 0.12038898468017578 3 3 6 8
28 32 0.0760960578918457 2 2 4 11
28 34 0.10109496116638184 5 5 7 8
28 30 0.07140707969665527 3 3 6 10
28 29 0.5056586265563965 5 5 6 9
28 33 0.5467386245727539 4 3 6 7
28 41 9.625578165054321 4 3 5 7
28 36 0.10988783836364746 4 4 4 8
28 36 0.6037178039550781 4 4 5 7
28 30 0.07731223106384277 3 3 6 10
28 32 4.817100524902344 5 4 5 7
28 32 0.07776188850402832 4 4 8 9
28 34 0.08431625366210938 4 4 5 10
28 29 0.11078238487243652 4 3 5 14
28 35 0.09786462783813477 4 4 5 9
28 30 0.06275010108947754 3 3 6 12
28 36 0.38695549964904785 3 3 4 6
28 34 0.09871387481689453 4 4 6 8
28 37 1.7786228656768799 4 4 5 9
28 37 0.10586905479431152 3 3 4 9
28 32 0.3750183582305908 5 5 6 11
28 32 0.19317007064819336 5 5 6 8
28 29 0.08271193504333496 2 2 4 9
28 29 0.09147477149963379 3 2 4 11
28 35 0.09398365020751953 3 3 4 9
28 30 0.07456254959106445 3 3 5 10
28 33 0.0930023193359375 3 3 6 9
28 39 0.12964534759521484 4 4 4 7
28 33 0.792029857635498 4 4 5 8
28 34 0.0989682674407959 4 4 5 10
28 32 0.09050750732421875 5 5 6 10
28 34 2.5860605239868164 4 4 6 8
28 36 0.4536705017089844 4 3 5 10
28 37 0.3830420970916748 5 5 6 7
28 35 0.09585785865783691 4 4 8 8
28 37 11.391800165176392 6 5 7 8
28 31 0.26259684562683105 4 3 7 10
28 31 0.0825951099395752 5 5 6 9
28 36 0.11479067802429199 4 4 5 7
28 39 8.058629512786865 4 3 5 7
28 49 23.74161958694458 4 3 4 7
28 29 0.07494497299194336 5 5 7 12
28 36 0.4109632968902588 4 3 5 7
28 40 0.10270333290100098 4 4 5 9
28 32 0.08272266387939453 3 3 5 9
28 36 9.75411343574524 5 4 6 8
28 32 0.7693343162536621 5 4 8 12
28 28 0.07184529304504395 3 2 4 13
28 33 3.930152654647827 5 3 6 9
28 37 0.512770414352417 4 4 5 9
28 33 0.10049176216125488 4 4 5 8
28 37 1.8154840469360352 4 3 5 8
28 35 17.127886056900024 5 4 8 9
28 33 0.3447229862213135 4 3 6 10
28 34 0.08724331855773926 3 3 5 10
28 36 0.12228155136108398 3 3 5 6
28 32 0.08085966110229492 3 3 6 9
28 36 1.311227798461914 4 3 6 8
28 36 2.303455114364624 5 4 6 9
28 31 0.07870030403137207 3 3 5 12
28 33 0.13023877143859863 3 3 5 9
28 29 0.08304834365844727 3 3 6 9
28 31 2.1807682514190674 4 3 6 8
28 35 0.22659587860107422 3 3 5 8
28 35 0.11365890502929688 4 4 6 8
29 36 0.10327363014221191 4 4 8 10
29 32 0.11694622039794922 4 4 6 8
29 39 8.91005539894104 4 3 5 7
29 33 5.555691480636597 5 4 6 9
29 29 0.0850069522857666 5 5 8 11
29 31 0.09902667999267578 4 4 8 10
29 30 0.0834660530090332 6 6 8 11
29 36 0.11605596542358398 4 4 4 8
29 29 0.0793905258178711 5 5 10 12
29 36 0.11947965621948242 4 4 5 7
29 35 0.1181948184967041 3 3 5 8
29 32 0.15349769592285156 4 3 6 12
29 35 0.07722806930541992 3 3 3 13
29 36 2.0143167972564697 4 3 5 6
29 34 18.020548820495605 5 4 7 9
29 33 0.08453178405761719 4 4 6 9
29 40 0.1301870346069336 3 3 4 7
29 31 0.06043434143066406 3 3 4 16
29 31 0.40259218215942383 4 3 6 8
29 41 0.13814735412597656 4 4 5 7
29 34 0.10385441780090332 4 4 6 8
29 34 2.8172032833099365 4 4 6 7
29 38 0.12563228607177734 4 4 5 7
29 34 0.0972754955291748 4 4 5 8
29 36 0.7676701545715332 4 4 5 7
29 40 1.2684743404388428 4 3 6 8
29 38 0.11259126663208008 5 5 5 8
29 30 0.06775760650634766 3 3 6 13
29 43 0.14143657684326172 4 4 5 8
29 28 0.0031461715698242188 3 3 6 13
29 32 0.07826948165893555 3 3 4 13
29 34 0.09742546081542969 4 4 8 8
29 35 0.11104297637939453 5 5 6 8
29 34 1.1922290325164795 4 3 5 7
29 35 0.10679244995117188 4 4 5 8
29 30 0.08396053314208984 4 4 6 10
29 33 0.08460831642150879 4 4 5 11
29 33 0.07439303398132324 4 4 8 12
29 32 0.0866847038269043 6 6 8 11
29 35 0.6467244625091553 4 4 6 8
29 40 9.170463800430298 4 3 5 7
29 34 0.7379369735717773 5 5 7 9
29 37 0.1035304069519043 4 4 5 9
29 35 0.0950472354888916 4 4 8 11
29 39 26.55056357383728 5 4 5 9
29 35 0.08235836029052734 4 4 6 11
29 39 0.20456624031066895 4 4 5 8
29 43 0.21701741218566895 3 3 5 6
29 35 1.9246819019317627 4 4 6 8
29 37 0.12164783477783203 4 4 6 8
29 30 0.11161589622497559 8 8 8 11
29 36 9.033797025680542 5 4 6 7
29 36 0.11718535423278809 5 5 6 7
29 35 0.11924219131469727 5 5 5 8
29 38 0.1279129981994629 4 4 5 7
29 34 3.5116171836853027 5 4 8 10
29 34 0.11227798461914062 3 3 5 9
29 38 0.13362479209899902 4 4 5 7
29 36 0.11098933219909668 3 3 4 10
29 43 10.615097284317017 4 3 5 6
29 40 0.1318204402923584 4 4 5 7
29 40 6.679804563522339 4 3 5 7
29 33 0.0966486930847168 4 4 5 9
29 40 42.33811712265015 4 3 5 7
29 36 0.8105928897857666 4 3 6 7
29 37 4.000785827636719 4 3 6 7
29 38 0.18555641174316406 4 4 6 7
29 30 0.23542094230651855 3 3 6 8
29 35 0.12314391136169434 3 3 6 7
30 35 0.13740897178649902 5 5 5 8
30 34 0.09915947914123535 6 6 6 12
30 31 0.08431744575500488 4 4 5 12
30 34 0.07905316352844238 4 4 6 12
30 40 0.1375279426574707 4 4 5 9
30 39 0.1410839557647705 4 4 5 7
30 38 0.15720605850219727 3 2 4 12
30 39 5.578016519546509 4 3 4 7
30 35 0.8099770545959473 5 4 7 8
30 36 7.995211362838745 5 4 6 8
30 34 0.5057723522186279 4 4 6 11
30 33 0.10604381561279297 4 4 5 9
30 40 0.13553237915039062 3 3 5 8
30 37 3.0456926822662354 4 3 7 8
30 39 8.029839515686035 4 3 6 8
30 44 39.560216188430786 3 3 5 5
30 40 0.1499922275543213 4 4 5 8
30 40 2.6275103092193604 4 3 5 7
30 38 0.10557150840759277 4 4 8 9
30 32 0.10322141647338867 5 5 5 11
30 34 0.1070709228515625 4 4 5 9
30 32 0.10842752456665039 3 3 6 9
30 37 0.10735297203063965 3 3 6 11
30 41 0.40183329582214355 3 3 4 6
30 40 0.157088041305542 3 3 4 8
30 33 0.13666915893554688 5 5 7 8
30 33 0.1337721347808838 6 6 7 10
30 31 0.09801411628723145 4 4 8 10
30 32 0.11824250221252441 6 6 7 11
30 36 0.1349935531616211 5 5 6 9
30 40 0.15705490112304688 3 3 6 7
30 33 3.148203134536743 5 4 6 9
30 35 0.1629195213317871 4 4 6 6
30 37 0.12024950981140137 4 4 6 9
30 40 0.11413741111755371 4 4 5 10
30 35 0.09761381149291992 6 6 7 11
30 36 0.1324903964996338 4 4 6 7
30 33 0.109344482421875 4 4 6 12
30 36 0.1168057918548584 4 4 6 11
30 38 0.12527990341186523 6 6 6 8
30 37 8.621761798858643 5 3 7 9
30 46 0.21346497535705566 3 3 5 6
30 38 0.4711923599243164 3 3 5 8
30 42 12.002959489822388 4 3 5 7
30 44 0.19761443138122559 3 3 4 6
30 37 10.875922918319702 4 4 6 9
30 45 0.38508129119873047 3 3 5 6
30 33 0.08800268173217773 4 4 5 14
30 33 0.09443020820617676 3 3 4 11
30 34 0.09680867195129395 4 4 6 11
30 37 0.4589815139770508 4 3 4 13
30 34 0.1388413906097412 4 4 6 8
30 38 2.551830291748047 4 4 6 9
30 41 2.695429801940918 4 3 5 6
30 35 0.1015775203704834 4 4 6 11
30 39 0.14358234405517578 3 3 6 8
30 39 2.499217987060547 4 4 5 8
30 37 5.134760856628418 4 4 6 9
30 36 2.4451003074645996 4 3 5 8
30 35 0.9262692928314209 3 3 5 10
30 32 1.7282721996307373 4 3 6 8
30 34 0.1314072608947754 4 4 6 8
31 34 0.12718462944030762 4 4 6 9
31 37 0.15210247039794922 4 4 5 10
31 36 0.10270977020263672 6 6 6 10
31 36 0.103240966796875 6 6 6 10
31 36 0.23188257217407227 4 4 6 8
31 36 0.10050082206726074 6 6 6 10
31 37 0.26735663414001465 4 4 6 8
31 36 0.10505461692810059 6 6 6 10
31 36 0.10528731346130371 6 6 6 10
31 36 0.0993337631225586 6 6 6 10
31 36 0.14205241203308105 6 6 6 10
31 37 0.13393592834472656 5 5 6 10
31 37 0.10789203643798828 6 6 6 10
31 36 0.10717606544494629 6 6 6 10
31 36 0.10332703590393066 6 6 6 10
31 36 0.23264575004577637 4 4 6 8
31 36 0.10514211654663086 6 6 6 10
31 37 0.10547637939453125 6 6 6 10
31 43 88.31838536262512 4 3 6 7
31 38 0.12868785858154297 5 5 6 10
31 37 3.4352190494537354 4 3 6 7
31 36 0.23578310012817383 4 4 6 8
31 37 0.2355055809020996 4 4 6 8
31 36 0.23585128784179688 4 4 6 8
31 37 0.16322875022888184 4 4 5 8
31 36 0.23263764381408691 4 4 6 8
31 36 0.10491251945495605 6 6 6 10
31 36 0.10596537590026855 6 6 6 10
31 35 0.10361456871032715 4 4 6 14
31 36 0.2357187271118164 4 4 6 8
31 36 0.09872293472290039 6 6 6 10
31 34 4.944288730621338 5 4 6 10
31 37 46.48310089111328 5 4 6 9
31 50 0.18709039688110352 3 3 5 7
31 36 0.14625263214111328 5 5 6 9
31 40 0.1699666976928711 4 4 5 8
31 38 1.602006435394287 4 3 6 9
31 41 0.1557903289794922 4 4 6 8
31 37 0.14010882377624512 4 4 5 9
31 44 0.36455368995666504 4 4 5 7
31 44 3.1143898963928223 4 3 5 8
31 45 0.23923587799072266 3 3 5 7
31 50 56.73600387573242 4 3 5 6
31 37 18.786766290664673 5 4 6 10
31 34 35.079840660095215 6 4 8 11
31 46 0.1961820125579834 3 3 4 7
31 40 0.22602629661560059 4 4 5 7
31 41 0.37070369720458984 3 3 4 7
31 40 0.15252017974853516 6 6 6 8
31 41 0.1647815704345703 4 4 5 8
31 39 0.1576676368713379 4 4 5 10
31 40 29.0861599445343 5 4 6 8
31 34 0.09263277053833008 4 4 6 12
31 40 3.2335660457611084 5 4 6 8
31 40 0.17676711082458496 3 3 6 10
31 33 0.7799735069274902 5 4 6 12
31 38 0.13116908073425293 5 5 5 10
31 33 0.10216379165649414 5 5 8 10
31 39 1.10725736618042 4 4 5 8
31 36 0.09718489646911621 5 5 7 14
31 40 0.1816883087158203 4 4 5 8
31 41 0.16718387603759766 4 4 6 7
31 37 0.9993801116943359 4 3 6 10
31 35 0.11758279800415039 6 6 6 11
31 37 0.08121132850646973 3 3 4 14
31 32 0.10596752166748047 3 3 6 14
31 40 0.15070748329162598 3 3 5 10
31 36 0.8168187141418457 3 3 6 9
31 43 0.4295668601989746 3 3 5 8
31 32 0.27396321296691895 4 3 7 14
31 40 0.8176286220550537 3 2 4 7
31 36 0.23926377296447754 4 4 6 8
31 37 0.13193082809448242 5 5 6 10
31 32 1.7147088050842285 5 5 8 13
31 36 0.09971165657043457 4 4 6 14
31 39 0.17644476890563965 5 5 5 10
31 35 0.4188551902770996 3 3 6 8
31 35 0.3099374771118164 5 5 7 10
31 36 0.1067664623260498 6 6 6 10
31 36 0.23433685302734375 4 4 6 8
31 38 0.4795420169830322 4 4 6 7
31 36 0.10389542579650879 6 6 6 10
31 36 0.23404335975646973 4 4 6 8
31 41 0.4354085922241211 4 4 5 7
31 35 0.09585833549499512 6 6 6 12
32 32 0.0902395248413086 3 3 6 12
32 37 0.18438172340393066 4 4 6 7
32 38 9.49429202079773 6 5 8 9
32 38 0.15055584907531738 6 6 6 8
32 36 0.14764952659606934 5 5 6 12
32 38 11.091945886611938 4 4 6 8
32 38 29.10344624519348 5 4 6 8
32 39 4.28795599937439 6 6 7 10
32 33 0.09512615203857422 3 3 6 12
32 37 0.19341444969177246 4 4 6 7
32 40 0.1888580322265625 4 4 6 9
32 39 0.14823269844055176 6 6 6 10
32 40 0.14459514617919922 4 4 5 10
32 37 0.17496681213378906 4 4 7 12
32 37 4.413963317871094 4 4 5 10
32 38 0.2165660858154297 4 4 6 7
32 35 0.10773849487304688 5 5 7 14
32 37 0.536679744720459 5 5 10 11
32 37 0.27031826972961426 5 5 7 10
32 38 0.14284086227416992 4 4 6 10
32 41 0.1547250747680664 6 6 6 9
32 40 0.12662053108215332 6 6 6 10
32 35 0.36084723472595215 5 4 6 13
32 39 7.106860876083374 5 5 7 8
32 35 0.1603255271911621 4 4 6 9
32 36 0.11756587028503418 6 6 7 10
32 35 0.1429920196533203 4 4 6 10
32 36 0.11405515670776367 4 4 5 12
32 41 0.28188395500183105 3 3 5 10
32 38 0.18975329399108887 4 4 6 7
32 38 0.11403608322143555 5 5 5 14
32 37 0.18749618530273438 4 4 6 7
32 38 2.398853063583374 4 3 6 9
32 40 0.17464447021484375 5 5 6 8
32 37 0.5679545402526855 5 4 8 13
32 33 0.11543083190917969 4 4 6 10
32 37 0.18697690963745117 4 4 6 7
32 36 0.1167905330657959 5 5 7 11
32 35 0.08674144744873047 4 4 6 14
32 33 0.08918642997741699 3 3 6 12
32 38 0.20264077186584473 5 5 6 9
32 38 0.18369197845458984 4 4 5 7
32 40 1.1996746063232422 4 4 6 8
32 38 17.89824628829956 4 4 7 8
32 33 0.08956623077392578 3 3 6 12
32 38 8.369813680648804 6 4 9 13
32 36 0.21796798706054688 4 4 6 8
32 32 0.09212779998779297 3 3 6 12
32 34 0.10227560997009277 4 4 6 12
32 37 0.1716327667236328 4 4 6 8
32 34 0.810692310333252 5 5 6 11
32 37 0.1270606517791748 4 4 6 10
32 37 3.911201238632202 5 4 8 11
32 39 0.14194512367248535 4 4 5 9
32 41 0.23723268508911133 4 4 5 8
32 45 0.20377278327941895 4 4 5 7
32 38 13.042868614196777 5 4 8 10
32 37 0.13274836540222168 4 4 6 10
32 50 0.18484163284301758 4 4 5 9
32 45 2.306724786758423 4 4 5 7
