10 10 0.0031867027282714844 2 2 4 6
10 9 0.0006315708160400391 2 2 4 6
10 10 0.0029959678649902344 2 2 3 6
10 10 0.0039174556732177734 2 2 3 6
10 9 0.0006399154663085938 2 2 4 6
10 10 0.002981901168823242 2 2 3 6
10 10 0.0030601024627685547 2 2 3 6
10 9 0.0006623268127441406 2 2 4 6
10 9 0.0006718635559082031 2 2 4 4
10 10 0.004033803939819336 2 2 3 6
10 10 0.0029344558715820312 2 2 3 6
10 15 0.0049359798431396484 2 2 3 3
10 15 0.004549503326416016 2 2 3 3
10 9 0.0006642341613769531 1 1 2 7
10 14 0.004373788833618164 2 2 3 3
10 15 0.004669666290283203 2 2 3 3
10 10 0.0034589767456054688 2 2 3 6
10 15 0.004707813262939453 2 2 3 3
10 15 0.004859447479248047 2 2 3 3
10 13 0.00396275520324707 2 2 3 4
10 15 0.004638195037841797 2 2 3 3
10 12 0.003440380096435547 2 2 3 5
10 15 0.005603313446044922 2 2 3 3
10 15 0.004731178283691406 2 2 3 3
10 15 0.004644632339477539 2 2 3 3
10 15 0.004736185073852539 2 2 3 3
10 10 0.003042936325073242 2 2 3 6
10 10 0.0035021305084228516 2 2 3 6
10 12 0.004090547561645508 2 2 3 4
10 16 0.006184816360473633 2 2 3 3
10 11 0.003379344940185547 3 3 3 5
10 10 0.003252744674682617 4 4 4 5
10 10 0.002702474594116211 2 2 2 7
10 11 0.0030808448791503906 2 2 2 6
10 10 0.003192901611328125 3 3 3 7
10 11 0.003385305404663086 2 2 3 5
10 12 0.003415346145629883 2 2 3 5
10 10 0.0035305023193359375 3 3 3 5
10 10 0.0033638477325439453 3 3 4 5
10 10 0.003068208694458008 2 2 3 6
10 10 0.0032339096069335938 2 2 3 6
10 11 0.003839731216430664 3 3 3 4
10 9 0.0011603832244873047 2 2 4 6
10 10 0.0031375885009765625 2 2 3 6
10 9 0.0006597042083740234 2 2 4 6
10 10 0.0034284591674804688 3 3 4 5
10 9 0.0007061958312988281 2 2 4 6
10 10 0.003041505813598633 2 2 3 6
10 10 0.003030538558959961 2 2 3 6
10 10 0.0030336380004882812 2 2 3 6
10 10 0.0031092166900634766 2 2 3 6
10 10 0.003100872039794922 2 2 3 6
10 10 0.0037801265716552734 2 2 3 6
10 10 0.0030508041381835938 2 2 3 6
10 10 0.0032095909118652344 2 2 3 6
10 9 0.0006232261657714844 2 2 4 6
10 10 0.003463268280029297 2 2 3 6
10 10 0.003609895706176758 2 2 3 6
10 9 0.0007107257843017578 2 2 4 6
10 9 0.0007498264312744141 2 2 4 6
10 10 0.003118276596069336 2 2 3 6
10 10 0.00463414192199707 2 2 3 6
10 10 0.0030176639556884766 2 2 3 6
10 10 0.003017425537109375 2 2 3 6
10 10 0.003206014633178711 2 2 3 6
10 9 0.0006754398345947266 2 2 4 6
10 10 0.003027677536010742 2 2 3 6
10 10 0.0029802322387695312 2 2 3 6
10 10 0.0030591487884521484 2 2 3 6
10 10 0.003132343292236328 2 2 3 6
10 9 0.0006747245788574219 1 1 1 9
10 9 0.001085519790649414 2 2 4 6
10 10 0.0031092166900634766 2 2 3 6
10 9 0.0006587505340576172 2 2 4 6
10 14 0.004300594329833984 2 2 2 4
10 10 0.0031545162200927734 2 2 4 6
10 10 0.0029296875 2 2 3 6
10 10 0.0029370784759521484 2 2 3 6
10 10 0.002935171127319336 2 2 3 6
11 12 0.004567623138427734 3 3 3 7
11 12 0.004697084426879883 3 3 3 6
11 11 0.0034263134002685547 1 1 2 7
11 12 0.004289150238037109 3 3 3 6
11 11 0.003989696502685547 2 2 3 6
11 11 0.004369020462036133 3 3 4 5
11 13 0.005020618438720703 2 2 3 5
11 15 0.0060880184173583984 1 1 2 3
11 12 0.004737377166748047 2 2 3 5
11 11 0.004538059234619141 3 3 3 6
11 11 0.0034401416778564453 1 1 1 9
11 12 0.003917217254638672 2 2 3 7
11 12 0.004294633865356445 3 3 3 6
11 10 0.0006561279296875 1 1 1 10
11 17 0.0070269107818603516 2 2 3 3
11 14 0.005183219909667969 2 2 3 4
11 11 0.004466056823730469 3 3 4 5
11 12 0.00428462028503418 3 3 3 6
11 10 0.0008807182312011719 2 2 4 6
11 12 0.0048029422760009766 3 3 3 5
11 12 0.0045452117919921875 2 2 3 5
11 12 0.0043125152587890625 3 3 3 6
11 17 0.005895376205444336 2 2 2 4
11 12 0.00435948371887207 3 3 3 6
11 11 0.004645109176635742 2 2 4 6
11 12 0.004261493682861328 2 2 4 6
11 13 0.004911184310913086 3 3 3 5
11 15 0.0060558319091796875 2 2 3 3
11 11 0.0044896602630615234 2 2 3 5
11 20 0.009593009948730469 2 2 3 3
11 15 0.006323814392089844 2 2 3 4
11 19 0.006732940673828125 2 2 3 4
11 17 0.006223201751708984 3 3 3 3
11 14 0.005025148391723633 3 3 3 4
11 14 0.005982637405395508 2 2 3 4
11 17 0.009362220764160156 3 2 3 4
11 12 0.004302501678466797 3 3 3 6
11 15 0.00538325309753418 3 3 3 4
11 15 0.006218910217285156 2 2 3 4
11 17 0.005939483642578125 2 2 3 3
11 12 0.004711627960205078 2 2 3 4
11 15 0.005640506744384766 2 2 3 3
11 17 0.006539106369018555 2 2 3 3
11 19 0.007603168487548828 2 2 3 3
11 17 0.0061757564544677734 2 2 3 3
11 14 0.005218029022216797 2 2 4 4
11 17 0.007709026336669922 2 2 3 4
11 22 0.007711887359619141 2 2 3 3
11 17 0.00672459602355957 2 2 3 3
11 18 0.006183624267578125 2 2 2 4
11 11 0.004124164581298828 2 2 3 6
11 15 0.0058443546295166016 2 2 3 4
11 17 0.0062961578369140625 2 2 3 3
11 17 0.00616002082824707 2 2 2 4
11 16 0.0065801143646240234 2 2 3 3
11 13 0.0053310394287109375 2 2 3 5
11 10 0.0007131099700927734 2 2 4 7
11 11 0.003635406494140625 2 2 2 7
11 12 0.004080295562744141 3 3 3 6
11 12 0.005310535430908203 3 2 5 6
11 12 0.003969907760620117 2 2 3 6
11 18 0.006291389465332031 2 2 3 3
11 11 0.004820823669433594 3 3 4 6
11 10 0.0007903575897216797 2 2 4 6
11 11 0.0047037601470947266 3 3 4 6
11 12 0.004583835601806641 3 3 3 6
11 11 0.003519773483276367 2 1 3 8
11 11 0.003863811492919922 2 2 4 6
11 11 0.004608631134033203 3 3 4 6
11 11 0.004929542541503906 3 3 3 6
11 10 0.000823974609375 1 1 2 9
11 11 0.004084110260009766 3 3 4 6
11 12 0.004895925521850586 2 2 4 4
11 11 0.0041046142578125 3 3 4 6
11 11 0.004175662994384766 3 3 4 6
11 13 0.0052416324615478516 2 2 4 4
11 11 0.004938364028930664 3 3 4 6
11 11 0.004151821136474609 3 3 4 6
11 11 0.003957271575927734 1 1 2 6
11 12 0.004652738571166992 3 3 3 5
11 11 0.0044097900390625 3 3 4 6
11 11 0.004326820373535156 3 3 4 6
11 10 0.0007576942443847656 2 2 4 5
11 11 0.0048770904541015625 3 3 4 6
11 11 0.004561662673950195 3 3 4 6
11 12 0.00442957878112793 2 1 2 6
11 11 0.004242897033691406 3 3 4 6
11 11 0.0051653385162353516 3 3 4 6
11 10 0.0007424354553222656 2 2 4 8
11 13 0.004229068756103516 1 1 2 6
11 11 0.004850149154663086 2 2 2 7
11 13 0.00479888916015625 2 2 3 5
11 15 0.005048274993896484 3 3 3 4
11 12 0.0048220157623291016 3 3 3 6
11 13 0.004710197448730469 2 2 3 5
11 10 0.00070953369140625 1 1 2 7
11 14 0.0075070858001708984 3 2 3 5
11 11 0.0037124156951904297 3 3 3 8
11 11 0.0037212371826171875 3 3 3 7
11 14 0.005487680435180664 2 2 2 5
11 11 0.004238605499267578 3 3 4 6
11 11 0.0037910938262939453 2 2 3 7
11 11 0.0043430328369140625 3 3 3 5
11 12 0.004300594329833984 3 3 3 6
11 11 0.0038306713104248047 2 2 2 6
11 11 0.003515958786010742 2 2 2 8
11 16 0.0062694549560546875 1 1 2 4
11 11 0.003720998764038086 2 2 3 7
11 10 0.0007953643798828125 2 2 4 7
11 11 0.004052400588989258 2 2 4 6
11 17 0.006601572036743164 2 2 2 4
11 12 0.0031948089599609375 2 2 2 8
11 11 0.004323244094848633 2 2 2 8
11 10 0.0010526180267333984 1 1 2 7
11 12 0.005098104476928711 3 3 3 6
11 12 0.004782199859619141 2 2 3 5
11 13 0.004716396331787109 3 3 4 5
11 13 0.006121158599853516 3 2 3 5
11 12 0.005134105682373047 3 3 4 5
11 11 0.004739999771118164 2 2 3 6
11 12 0.004266977310180664 2 2 4 5
11 11 0.003404855728149414 1 1 2 8
11 13 0.004017829895019531 2 2 2 7
11 10 0.0006966590881347656 1 1 2 8
11 10 0.0007517337799072266 2 2 4 6
11 11 0.003788471221923828 2 2 4 7
11 13 0.004921436309814453 3 3 3 4
11 12 0.005103349685668945 3 3 3 6
12 12 0.004231452941894531 2 2 2 8
12 11 0.0008285045623779297 1 1 2 8
12 11 0.0008206367492675781 1 1 2 9
12 11 0.0009889602661132812 1 1 2 8
12 11 0.0008351802825927734 1 1 2 8
12 11 0.0007772445678710938 2 2 4 6
12 15 0.00812530517578125 2 2 4 4
12 16 0.007643461227416992 2 2 3 5
12 13 0.01073002815246582 3 3 3 5
12 18 0.010576009750366211 2 2 3 5
12 21 0.009806156158447266 2 2 3 3
12 15 0.005957841873168945 2 2 3 5
12 18 0.00955820083618164 2 2 3 4
12 21 0.008609533309936523 2 2 3 3
12 17 0.007391214370727539 2 2 3 4
12 19 0.012194156646728516 3 2 3 4
12 15 0.005986928939819336 2 2 2 5
12 14 0.006564140319824219 3 3 4 4
12 13 0.005447864532470703 3 3 3 6
12 15 0.00656437873840332 2 2 3 5
12 15 0.009299516677856445 3 2 3 5
12 14 0.007173061370849609 3 3 4 5
12 12 0.010616540908813477 4 3 6 6
12 16 0.008267641067504883 3 3 4 4
12 13 0.005300045013427734 2 2 3 6
12 15 0.006731510162353516 2 2 3 4
12 18 0.00853586196899414 2 2 3 4
12 11 0.0009253025054931641 2 2 4 8
12 13 0.005512237548828125 4 4 4 5
12 19 0.00821995735168457 2 2 3 4
12 14 0.00554966926574707 2 2 2 6
12 15 0.0068662166595458984 2 2 3 6
12 18 0.006801128387451172 2 2 3 5
12 14 0.006804227828979492 3 3 4 5
12 15 0.010235071182250977 3 2 4 5
12 12 0.00517725944519043 3 3 3 7
12 14 0.006238698959350586 3 3 3 6
12 17 0.0475459098815918 2 2 3 3
12 15 0.005845069885253906 2 2 3 5
12 12 0.006358146667480469 2 2 4 5
12 18 0.008110761642456055 2 2 3 3
12 12 0.006209611892700195 3 3 4 5
12 13 0.0055387020111083984 2 2 4 6
12 18 0.008763313293457031 2 2 3 3
12 14 0.0059051513671875 2 2 4 5
12 14 0.006720304489135742 3 3 3 6
12 11 0.0009160041809082031 2 2 4 8
12 11 0.0007922649383544922 2 2 4 8
12 11 0.0007653236389160156 1 1 2 8
12 16 0.007100582122802734 2 2 3 5
12 15 0.0060710906982421875 2 2 3 6
12 13 0.00795745849609375 2 2 4 6
12 13 0.004871368408203125 2 2 4 7
12 12 0.005097627639770508 2 2 4 6
12 13 0.006040334701538086 3 3 4 6
12 14 0.0059511661529541016 3 3 3 6
12 12 0.00609898567199707 3 3 4 6
12 14 0.006058216094970703 3 3 3 5
12 16 0.0075337886810302734 2 2 3 4
12 11 0.0008213520050048828 1 1 2 10
12 14 0.006021261215209961 3 3 3 6
12 17 0.008208036422729492 3 3 3 4
12 16 0.006928920745849609 2 2 3 4
12 14 0.0061130523681640625 3 3 3 6
12 13 0.005702972412109375 3 3 4 5
12 12 0.005841493606567383 3 3 4 6
12 14 0.00945425033569336 3 3 3 6
12 11 0.0015370845794677734 2 2 4 7
12 13 0.009717464447021484 4 4 4 5
12 12 0.0050389766693115234 2 2 3 8
12 12 0.0052032470703125 3 3 4 7
12 14 0.005978107452392578 3 3 4 5
12 13 0.005172252655029297 2 2 3 7
12 11 0.0009107589721679688 1 1 2 8
12 13 0.0051462650299072266 2 2 3 6
12 13 0.006101369857788086 4 4 4 5
12 12 0.005889892578125 2 2 3 6
12 11 0.0008554458618164062 1 1 2 8
12 15 0.006796836853027344 3 3 4 4
12 11 0.0008995532989501953 2 2 4 8
12 11 0.0008270740509033203 1 1 2 8
12 12 0.010121822357177734 4 3 6 6
12 16 0.007087230682373047 2 2 2 5
12 15 0.0065271854400634766 2 2 4 4
12 15 0.006053447723388672 3 3 3 6
12 14 0.008879423141479492 3 3 3 5
12 12 0.008721590042114258 2 2 4 6
12 11 0.0016279220581054688 2 2 4 6
12 13 0.005236387252807617 2 2 4 7
12 11 0.0008454322814941406 1 1 2 8
12 11 0.0010962486267089844 2 2 4 8
12 19 0.008293867111206055 2 2 2 4
12 14 0.0054721832275390625 2 2 2 6
12 13 0.005087852478027344 3 3 3 6
12 15 0.006895303726196289 2 2 3 4
12 11 0.0010139942169189453 2 2 4 8
12 12 0.005178928375244141 2 2 4 6
12 12 0.009395122528076172 4 3 6 6
12 17 0.007105350494384766 2 2 3 4
12 14 0.00629115104675293 2 2 2 6
12 11 0.0008487701416015625 2 2 4 8
12 12 0.00969243049621582 4 3 6 6
12 14 0.006816864013671875 3 3 4 4
12 12 0.004817008972167969 2 2 4 6
12 12 0.009155511856079102 2 2 2 6
12 17 0.012029647827148438 2 2 3 4
12 12 0.0045468807220458984 3 3 3 8
12 18 0.008931636810302734 2 2 3 3
12 14 0.004544973373413086 1 1 2 8
12 13 0.005112886428833008 3 3 3 8
12 13 0.005353689193725586 2 2 4 6
12 15 0.006520271301269531 2 2 3 6
12 13 0.005083322525024414 2 2 4 7
12 11 0.0009920597076416016 2 2 4 6
12 11 0.0008270740509033203 2 2 4 8
12 12 0.0050432682037353516 3 3 4 6
12 12 0.009362220764160156 4 3 6 6
12 14 0.006596803665161133 4 4 4 6
12 12 0.009798526763916016 4 3 6 6
12 11 0.0008530616760253906 1 1 2 8
12 12 0.00960540771484375 4 3 6 6
12 11 0.0014045238494873047 2 2 4 6
12 12 0.008259057998657227 1 1 2 7
12 13 0.009869098663330078 3 3 4 5
12 18 0.006932973861694336 2 2 3 4
12 13 0.006223440170288086 3 3 3 6
12 11 0.0008809566497802734 2 2 4 7
12 12 0.005006074905395508 2 2 2 7
12 11 0.0009067058563232422 2 2 4 8
12 12 0.005986928939819336 3 3 4 7
12 13 0.005300045013427734 4 4 4 7
12 11 0.0008943080902099609 2 2 4 8
12 12 0.010118722915649414 4 3 6 6
12 11 0.0009226799011230469 2 2 4 8
12 14 0.006114482879638672 2 2 3 6
12 13 0.005939006805419922 3 3 3 6
12 14 0.005438089370727539 2 2 3 7
12 11 0.001024007797241211 1 1 2 8
12 12 0.009787321090698242 4 3 6 6
12 11 0.0008847713470458984 2 2 4 8
12 11 0.0007405281066894531 1 1 1 11
12 12 0.0051424503326416016 2 2 4 6
12 16 0.009435415267944336 2 2 2 6
12 11 0.0015065670013427734 1 1 2 8
13 13 0.010211706161499023 2 2 4 8
13 17 0.008215188980102539 3 3 3 5
13 19 0.009675025939941406 3 3 3 4
13 16 0.009150981903076172 3 3 4 5
13 19 0.010146856307983398 2 2 3 4
13 21 0.012036800384521484 2 2 3 3
13 18 0.009162425994873047 3 3 3 4
13 16 0.008917570114135742 2 2 3 4
13 15 0.008836030960083008 3 3 4 5
13 15 0.0074694156646728516 3 3 4 6
13 16 0.009366750717163086 2 2 4 5
13 14 0.010861635208129883 2 2 4 8
13 18 0.00945591926574707 2 2 3 5
13 17 0.00928640365600586 3 3 4 4
13 13 0.00812077522277832 3 2 5 6
13 17 0.011018991470336914 3 2 3 4
13 18 0.008772611618041992 2 2 3 5
13 19 0.009350299835205078 2 2 4 5
13 16 0.008173942565917969 2 2 3 5
13 14 0.006646156311035156 2 2 3 7
13 14 0.007536172866821289 2 2 3 7
13 20 0.010857105255126953 2 2 3 3
13 25 0.019754409790039062 2 2 3 3
13 18 0.009718656539916992 3 3 3 4
13 14 0.007859945297241211 3 2 4 8
13 16 0.008031368255615234 3 3 4 6
13 13 0.0054895877838134766 2 2 3 8
13 13 0.006521940231323242 2 2 4 7
13 13 0.006541013717651367 5 5 5 6
13 18 0.010550498962402344 2 2 3 4
13 13 0.0073621273040771484 3 3 4 6
13 12 0.0010380744934082031 2 2 4 9
13 13 0.009954452514648438 3 2 4 6
13 14 0.007892131805419922 2 2 4 5
13 19 0.010332822799682617 2 2 3 5
13 14 0.012438535690307617 3 3 4 7
13 14 0.007797956466674805 3 3 4 7
13 13 0.005372524261474609 2 2 3 8
13 15 0.0077991485595703125 3 3 3 6
13 14 0.00815129280090332 3 2 4 8
13 12 0.0009210109710693359 1 1 2 9
13 16 0.01250314712524414 3 2 4 5
13 14 0.005718708038330078 3 3 3 9
13 13 0.006762981414794922 2 2 4 6
13 17 0.009495735168457031 3 3 4 4
13 13 0.005309343338012695 2 2 3 8
13 19 0.009674549102783203 2 2 3 4
13 13 0.005480051040649414 3 3 3 9
13 14 0.010149478912353516 3 3 3 6
13 15 0.011955499649047852 3 3 3 7
13 15 0.007291316986083984 2 2 4 5
13 13 0.006637096405029297 2 2 4 6
13 13 0.005254983901977539 2 2 3 8
13 14 0.005887508392333984 3 3 3 8
13 12 0.0013246536254882812 1 1 2 10
13 17 0.008575677871704102 2 2 3 5
13 16 0.008286237716674805 3 3 3 5
13 17 0.009487628936767578 3 3 3 5
13 18 0.008953094482421875 3 3 3 5
13 16 0.006973981857299805 2 2 3 7
13 14 0.0053558349609375 1 1 2 8
13 17 0.008884191513061523 3 3 3 5
13 15 0.013677835464477539 3 3 4 5
13 13 0.009682655334472656 3 3 3 6
13 14 0.0065000057220458984 2 2 3 6
13 15 0.006852865219116211 3 3 3 7
13 14 0.007462501525878906 3 3 4 6
13 13 0.0057642459869384766 2 2 3 8
13 16 0.009881019592285156 3 3 4 4
13 16 0.00896310806274414 3 3 4 5
13 15 0.009139776229858398 2 2 3 5
13 12 0.0009558200836181641 2 2 4 8
13 14 0.007176876068115234 2 2 4 5
13 15 0.006700277328491211 2 2 4 6
13 13 0.005369901657104492 3 3 3 9
13 14 0.00991058349609375 2 2 3 6
13 21 0.017246007919311523 3 3 3 4
13 14 0.007560253143310547 2 2 4 6
13 19 0.00978398323059082 2 2 3 5
13 12 0.0011208057403564453 1 1 2 10
13 14 0.006940126419067383 3 3 4 6
13 15 0.006765842437744141 2 2 3 7
13 13 0.0073528289794921875 2 2 4 6
13 14 0.007292270660400391 3 3 4 6
13 19 0.008597850799560547 2 2 4 4
13 16 0.008080720901489258 3 3 3 6
13 15 0.008744001388549805 3 3 4 4
13 16 0.008672952651977539 4 4 4 5
13 13 0.009218931198120117 4 4 4 6
13 13 0.010148048400878906 1 1 2 7
13 18 0.009901046752929688 3 3 3 4
13 15 0.0081634521484375 3 3 4 5
13 12 0.0009195804595947266 2 2 4 7
13 15 0.008769989013671875 3 3 3 5
13 14 0.006491661071777344 5 5 5 7
13 15 0.008696317672729492 3 3 4 5
13 14 0.006963014602661133 3 3 4 7
13 15 0.008385419845581055 3 3 4 5
13 13 0.0068395137786865234 3 3 4 7
13 18 0.009447336196899414 2 2 4 4
13 16 0.006876707077026367 2 2 3 7
13 16 0.007886648178100586 3 3 4 6
13 12 0.001894235610961914 3 3 6 8
13 12 0.0016620159149169922 2 2 4 7
13 16 0.012435436248779297 3 3 3 6
13 14 0.006951093673706055 4 4 4 7
13 12 0.0010416507720947266 2 2 4 7
13 13 0.0067670345306396484 2 2 4 6
13 12 0.0012919902801513672 3 3 6 9
13 15 0.007298469543457031 3 3 4 6
13 19 0.009449481964111328 3 3 4 4
13 14 0.007479190826416016 3 3 3 6
13 15 0.007517576217651367 3 3 4 6
13 12 0.0010159015655517578 2 2 4 8
13 18 0.0088348388671875 2 2 3 5
13 15 0.00789332389831543 3 3 4 5
13 12 0.0009143352508544922 1 1 2 9
13 16 0.007220029830932617 2 2 4 6
13 17 0.008228302001953125 3 3 3 5
13 12 0.0010004043579101562 2 2 4 10
13 20 0.019196748733520508 2 2 3 4
13 13 0.005294322967529297 3 3 3 9
13 15 0.006711721420288086 2 2 2 6
13 15 0.008807897567749023 3 3 3 5
13 15 0.006979942321777344 2 2 4 6
13 13 0.0066564083099365234 3 2 4 8
13 19 0.009947061538696289 2 2 3 4
13 14 0.006606101989746094 4 4 4 7
13 15 0.007864236831665039 3 3 4 5
13 14 0.005783796310424805 2 2 2 7
13 14 0.0065038204193115234 3 3 3 8
13 13 0.0072901248931884766 3 3 4 6
13 15 0.006749391555786133 2 2 3 6
13 15 0.009908199310302734 2 2 4 7
13 14 0.01143336296081543 2 2 3 7
13 15 0.008040428161621094 3 3 3 6
13 13 0.006280183792114258 2 2 4 7
13 22 0.012861251831054688 2 2 3 3
13 19 0.008054018020629883 2 2 3 5
13 14 0.008244037628173828 2 2 4 5
13 17 0.009092569351196289 3 3 3 4
13 14 0.005682706832885742 2 2 4 8
13 16 0.007741212844848633 3 3 3 5
13 15 0.008423805236816406 2 2 3 6
13 16 0.006796360015869141 3 3 3 7
13 13 0.005773067474365234 3 3 4 8
13 15 0.014377117156982422 3 3 4 5
13 19 0.008466005325317383 2 2 3 5
13 15 0.007233619689941406 3 3 3 6
13 18 0.008370399475097656 1 1 2 5
13 12 0.0010118484497070312 3 3 6 8
13 16 0.006082773208618164 2 2 3 8
13 16 0.007982969284057617 3 3 3 5
13 13 0.005835771560668945 3 3 4 8
13 21 0.009335756301879883 2 2 3 4
13 21 0.009871244430541992 2 2 4 4
13 14 0.005518198013305664 2 2 4 8
13 13 0.0068018436431884766 4 4 4 6
13 14 0.0076673030853271484 3 3 4 5
13 16 0.008716821670532227 3 3 3 7
13 13 0.010264396667480469 3 3 6 8
14 20 0.014932632446289062 2 2 3 4
14 18 0.011941671371459961 3 2 3 7
14 14 0.00811147689819336 2 2 4 6
14 21 0.013382434844970703 2 2 3 4
14 18 0.009182214736938477 2 2 3 6
14 13 0.0010256767272949219 2 2 4 8
14 15 0.008410215377807617 4 4 4 7
14 13 0.001154184341430664 2 2 4 8
14 18 0.009942770004272461 2 2 3 5
14 19 0.010468482971191406 3 3 4 6
14 15 0.013407230377197266 2 2 3 7
14 19 0.01459503173828125 2 2 3 5
14 16 0.008072137832641602 3 3 4 7
14 14 0.0062410831451416016 1 1 2 10
14 15 0.010562658309936523 3 3 5 7
14 16 0.008215188980102539 2 2 4 8
14 15 0.008750438690185547 3 3 3 7
14 20 0.009720087051391602 3 3 3 6
14 14 0.00834512710571289 4 4 4 6
14 20 0.00881505012512207 2 2 3 7
14 14 0.0068206787109375 2 2 2 10
14 21 0.015326738357543945 3 3 3 6
14 16 0.01150965690612793 4 4 4 7
14 14 0.00830531120300293 4 4 4 6
14 18 0.008867979049682617 2 2 4 6
14 25 0.02172398567199707 2 2 3 3
14 14 0.008338451385498047 4 4 4 6
14 19 0.012047529220581055 2 2 3 5
14 15 0.008285045623779297 3 3 4 7
14 14 0.00993657112121582 3 2 5 7
14 16 0.010589361190795898 3 3 3 6
14 18 0.010750532150268555 2 2 3 5
14 17 0.011632919311523438 3 3 3 5
14 19 0.011685371398925781 3 3 3 5
14 16 0.008518218994140625 2 2 4 7
14 14 0.009615898132324219 3 3 4 5
14 19 0.011075258255004883 2 2 3 5
14 16 0.008739233016967773 2 2 3 6
14 14 0.00757598876953125 2 2 4 8
14 16 0.009988784790039062 3 3 4 5
14 15 0.008448362350463867 4 4 4 6
14 14 0.00918126106262207 3 3 6 7
14 19 0.012810468673706055 2 2 3 5
14 19 0.010666370391845703 3 3 3 5
14 16 0.01002049446105957 4 4 4 6
14 13 0.0009598731994628906 1 1 2 11
14 15 0.009301900863647461 3 3 4 6
14 17 0.011271953582763672 3 3 4 5
14 14 0.007992744445800781 2 2 4 7
14 16 0.008177518844604492 2 2 3 7
14 18 0.011176109313964844 3 3 3 6
14 17 0.009356975555419922 2 2 3 7
14 16 0.008775949478149414 4 4 4 6
14 15 0.01027536392211914 4 4 5 6
14 18 0.01047658920288086 3 3 3 6
14 14 0.00641322135925293 2 2 2 9
14 14 0.008024930953979492 1 1 2 8
14 13 0.0012309551239013672 3 3 6 7
14 16 0.009305715560913086 3 3 3 6
14 15 0.012085914611816406 3 2 4 6
14 15 0.008648395538330078 2 2 3 7
14 21 0.012589454650878906 2 2 3 5
14 16 0.009759902954101562 3 3 4 6
14 18 0.010486125946044922 3 3 3 5
14 18 0.01161956787109375 3 3 3 5
14 17 0.08426284790039062 4 3 4 5
14 16 0.00933527946472168 3 3 4 6
14 14 0.006960153579711914 3 3 3 10
14 15 0.009368896484375 3 3 4 6
14 15 0.009599924087524414 2 2 4 6
14 17 0.008758544921875 2 2 3 8
14 15 0.008767127990722656 2 2 4 7
14 13 0.0013871192932128906 3 3 6 8
14 18 0.009383916854858398 2 2 4 6
14 19 0.009496450424194336 2 2 2 6
14 13 0.0010409355163574219 2 2 4 8
14 17 0.009085655212402344 2 2 3 7
14 16 0.008203983306884766 3 3 3 7
14 23 0.013395547866821289 2 2 3 4
14 14 0.007017612457275391 4 4 4 9
14 15 0.009561777114868164 3 3 4 5
14 17 0.009284496307373047 3 3 3 7
14 15 0.008310079574584961 2 2 4 6
14 13 0.001355886459350586 2 2 4 8
14 18 0.01590752601623535 3 2 3 5
14 14 0.008418798446655273 2 1 3 7
14 15 0.007483005523681641 2 2 3 8
14 16 0.009312629699707031 3 3 4 5
14 19 0.011153697967529297 2 2 4 6
14 17 0.010952472686767578 3 3 4 5
14 17 0.01580047607421875 3 2 4 6
14 18 0.01540517807006836 3 2 4 5
14 14 0.008208990097045898 5 5 5 7
14 16 0.011379241943359375 3 3 5 5
14 16 0.009100675582885742 3 3 3 6
14 15 0.009326457977294922 4 4 4 6
14 14 0.007401943206787109 2 2 4 9
14 18 0.011392593383789062 3 3 3 5
14 22 0.013248443603515625 2 2 3 5
14 14 0.00897526741027832 2 2 4 5
14 16 0.010216951370239258 3 3 3 5
14 16 0.00866079330444336 2 2 3 6
14 19 0.026403188705444336 3 2 4 5
14 15 0.010774850845336914 3 3 4 5
14 13 0.001100778579711914 2 2 4 8
14 13 0.0010361671447753906 2 2 4 8
14 21 0.012691020965576172 2 2 3 4
14 13 0.001135110855102539 2 2 4 8
14 14 0.008309602737426758 3 3 6 7
14 19 0.010298013687133789 4 4 4 5
14 13 0.0009984970092773438 3 3 6 9
14 17 0.010418415069580078 2 2 4 6
14 15 0.00847172737121582 2 2 4 6
14 16 0.009027957916259766 3 3 4 6
14 14 0.009241819381713867 3 3 6 6
14 16 0.00932455062866211 3 3 5 7
14 13 0.0011322498321533203 2 2 4 8
14 17 0.01392364501953125 3 3 3 4
14 14 0.007844924926757812 2 2 4 7
14 15 0.0079345703125 2 1 2 8
14 22 0.015520811080932617 2 2 3 3
14 15 0.00704646110534668 2 2 3 8
14 14 0.006516456604003906 1 1 2 9
14 22 0.013906717300415039 2 2 3 4
14 18 0.009102106094360352 3 3 4 6
14 14 0.009054183959960938 4 4 4 7
14 16 0.009485006332397461 3 3 4 6
14 15 0.007668733596801758 2 2 4 9
14 17 0.011644840240478516 3 3 4 6
14 17 0.009030580520629883 2 2 4 6
14 20 0.011233091354370117 2 2 3 5
14 15 0.009034872055053711 2 2 3 7
14 17 0.03127765655517578 4 2 4 6
14 25 0.01446080207824707 2 2 3 3
14 13 0.001001596450805664 2 2 4 8
14 17 0.009987354278564453 3 3 3 5
14 15 0.008577346801757812 2 2 3 7
14 22 0.013387441635131836 3 3 3 4
14 13 0.001371622085571289 2 2 4 9
14 13 0.0010228157043457031 2 2 4 8
14 20 0.014648199081420898 2 2 3 4
14 13 0.0011458396911621094 2 2 4 8
14 16 0.010895013809204102 3 3 4 6
14 15 0.00823831558227539 2 2 3 8
14 15 0.007553577423095703 3 3 3 8
14 18 0.009593725204467773 3 3 4 6
14 14 0.008323431015014648 2 2 4 6
14 14 0.008224248886108398 3 3 4 6
14 13 0.0009531974792480469 2 2 4 9
14 14 0.009678363800048828 2 2 3 6
14 20 0.014262199401855469 2 2 3 4
14 19 0.01096653938293457 2 2 3 5
14 15 0.00825190544128418 2 2 4 8
14 20 0.011223793029785156 2 2 3 5
14 17 0.008733510971069336 2 2 3 7
14 14 0.005951642990112305 1 1 2 11
14 17 0.009866714477539062 4 4 5 6
14 13 0.0011439323425292969 2 2 4 7
14 14 0.00714874267578125 2 2 2 9
14 17 0.010971784591674805 3 3 4 5
14 15 0.010149002075195312 2 2 4 5
14 15 0.012319326400756836 3 2 4 5
14 13 0.0010514259338378906 2 2 4 8
14 19 0.011743307113647461 3 3 3 5
14 17 0.009431838989257812 2 2 3 6
14 13 0.0010406970977783203 2 2 4 8
14 15 0.009507417678833008 2 2 4 6
14 13 0.0011796951293945312 2 2 4 8
14 13 0.0010356903076171875 2 2 4 8
15 23 0.015157461166381836 2 2 3 5
15 16 0.012325048446655273 3 3 4 6
15 16 0.008407115936279297 2 2 4 9
15 16 0.01035165786743164 3 3 6 7
15 19 0.012775897979736328 2 2 4 7
15 19 0.010299921035766602 2 2 3 7
15 24 0.026001930236816406 2 2 4 5
15 17 0.010998964309692383 2 2 4 7
15 19 0.012097597122192383 3 3 3 6
15 23 0.04080319404602051 3 2 4 5
15 16 0.010447978973388672 3 3 6 7
15 27 0.021871566772460938 3 3 3 4
15 17 0.011842727661132812 3 3 4 6
15 14 0.0011911392211914062 2 2 4 8
15 14 0.0011625289916992188 2 2 4 10
15 22 0.016835451126098633 2 2 3 5
15 24 0.01513981819152832 2 2 3 4
15 21 0.016365528106689453 3 3 3 5
15 16 0.011632680892944336 4 4 4 8
15 17 0.011883258819580078 3 3 4 6
15 19 0.013159036636352539 4 4 4 6
15 15 0.008236408233642578 1 1 2 9
15 25 0.01515340805053711 3 3 3 5
15 20 0.015174150466918945 3 3 4 4
15 22 0.014245271682739258 3 3 4 5
15 15 0.010081291198730469 3 3 4 8
15 19 0.013855457305908203 4 4 4 6
15 18 0.01176309585571289 3 3 3 7
15 15 0.00908803939819336 2 2 4 8
15 16 0.011293172836303711 4 4 5 6
15 24 0.02029871940612793 2 2 4 4
15 16 0.009243249893188477 3 3 6 8
15 15 0.008526086807250977 2 2 4 9
15 17 0.01411128044128418 3 3 5 6
15 20 0.015170574188232422 2 2 4 5
15 17 0.012441873550415039 4 4 4 6
15 15 0.008201360702514648 2 2 2 9
15 15 0.010432004928588867 4 4 4 7
15 15 0.009961605072021484 3 3 6 8
15 19 0.012789011001586914 3 3 3 6
15 21 0.013289928436279297 3 3 3 5
15 16 0.008452415466308594 3 3 6 8
15 20 0.01308298110961914 3 3 3 7
15 19 0.016162872314453125 3 2 4 6
15 18 0.013432025909423828 3 3 4 6
15 16 0.008775949478149414 3 3 3 9
15 20 0.019327402114868164 2 2 4 5
15 22 0.01664590835571289 2 2 4 4
15 17 0.011382579803466797 3 3 4 6
15 16 0.021776199340820312 4 3 6 7
15 16 0.014925241470336914 2 2 4 5
15 16 0.011949777603149414 4 4 4 6
15 21 0.01366281509399414 3 3 4 5
15 15 0.010549783706665039 3 2 4 9
15 16 0.011292219161987305 3 3 6 7
15 19 0.012275457382202148 3 3 3 6
15 17 0.012803316116333008 4 4 5 6
15 17 0.009246110916137695 3 3 6 7
15 16 0.011040687561035156 3 3 4 7
15 15 0.007930755615234375 1 1 2 11
15 21 0.011279106140136719 2 2 2 7
15 19 0.01294255256652832 3 3 3 6
15 18 0.015590906143188477 3 3 4 5
15 22 0.03493165969848633 3 2 4 4
15 18 0.014394044876098633 3 3 4 6
15 23 0.015249967575073242 2 2 3 5
15 19 0.014397144317626953 3 3 4 6
15 17 0.012139320373535156 3 3 4 6
15 16 0.010635137557983398 3 3 3 8
15 17 0.009375333786010742 3 3 4 8
15 18 0.011780500411987305 3 3 4 6
15 16 0.011350393295288086 4 4 4 6
15 17 0.012514114379882812 3 3 4 6
15 20 0.014686822891235352 3 3 4 5
15 18 0.012984991073608398 3 3 4 7
15 15 0.009445905685424805 2 2 4 8
15 17 0.012474536895751953 3 3 3 6
15 16 0.011545896530151367 3 3 4 6
15 22 0.014539003372192383 2 2 4 5
15 18 0.011358976364135742 2 2 4 6
15 15 0.009356260299682617 2 2 4 9
15 17 0.011717557907104492 4 4 4 6
15 23 0.02193450927734375 2 2 3 4
15 17 0.012210845947265625 3 3 4 6
15 19 0.013635873794555664 3 3 3 6
15 17 0.011371374130249023 3 3 5 6
15 18 0.05291247367858887 3 3 4 5
15 22 0.014268875122070312 3 3 3 6
15 15 0.010223627090454102 2 2 4 8
15 23 0.018903732299804688 2 2 3 4
15 16 0.010407686233520508 2 2 4 7
15 17 0.012490510940551758 3 3 3 6
15 15 0.008888006210327148 2 2 4 8
15 21 0.014932394027709961 3 3 4 5
15 24 0.015563488006591797 2 2 3 5
15 17 0.014025449752807617 3 3 4 5
15 15 0.007504940032958984 1 1 2 10
15 17 0.01239156723022461 2 2 4 7
15 16 0.01168370246887207 3 3 4 7
15 16 0.009395599365234375 2 2 4 8
15 16 0.012648820877075195 2 2 4 5
15 16 0.010893106460571289 3 3 4 7
15 17 0.010934829711914062 2 2 3 6
15 17 0.015093803405761719 3 2 4 7
15 16 0.011621236801147461 4 4 5 7
15 20 0.01821279525756836 3 2 4 6
15 17 0.012494325637817383 3 3 4 6
15 17 0.011757373809814453 3 3 4 6
15 21 0.014484882354736328 2 2 4 5
15 19 0.009655952453613281 2 2 3 9
15 17 0.010563850402832031 3 3 4 8
15 15 0.009703874588012695 2 2 4 8
15 21 0.015603303909301758 2 2 4 5
15 16 0.012907028198242188 3 3 4 6
15 16 0.010920524597167969 2 2 4 7
15 23 0.015610456466674805 4 4 4 4
15 16 0.008144140243530273 2 1 3 10
15 16 0.00980997085571289 5 5 5 7
15 17 0.010465145111083984 2 2 4 7
15 17 0.00927734375 2 2 3 9
15 24 0.020611286163330078 2 2 3 4
15 20 0.01465153694152832 2 2 3 5
15 17 0.009097576141357422 3 3 3 7
15 16 0.010828018188476562 3 3 6 7
15 18 0.011402130126953125 3 2 5 6
15 22 0.01504826545715332 2 2 3 6
15 24 0.032512664794921875 3 2 4 4
15 22 0.026433229446411133 3 2 3 6
15 15 0.009768962860107422 2 2 3 9
15 20 0.021579504013061523 2 2 4 5
15 20 0.018059492111206055 2 2 4 4
15 17 0.01322317123413086 3 2 5 8
15 17 0.013392210006713867 2 2 4 5
15 16 0.015265703201293945 3 2 5 6
15 17 0.011730194091796875 3 3 4 6
15 14 0.001100778579711914 2 2 4 8
15 19 0.01768946647644043 3 2 4 7
15 19 0.012811660766601562 2 2 3 6
15 17 0.014833211898803711 3 2 5 5
15 19 0.013489723205566406 4 4 4 5
15 16 0.012930870056152344 3 2 4 8
15 19 0.010117053985595703 2 2 4 7
15 16 0.01214456558227539 2 2 3 7
15 22 0.016237735748291016 2 2 3 4
15 19 0.012184858322143555 2 2 3 5
15 17 0.014923572540283203 3 2 5 8
15 22 0.017873764038085938 2 2 3 4
15 22 0.013414859771728516 2 2 3 6
15 20 0.02801346778869629 3 2 3 5
15 18 0.016966819763183594 3 3 4 5
15 18 0.012058019638061523 2 2 3 7
15 25 0.04479217529296875 3 2 3 4
15 16 0.009929656982421875 3 3 4 7
15 21 0.014800071716308594 3 3 3 5
15 17 0.015530824661254883 2 2 4 7
15 15 0.007554292678833008 1 1 2 12
15 15 0.00897979736328125 3 3 4 8
15 14 0.0012831687927246094 2 2 4 9
15 18 0.011159181594848633 3 3 3 7
15 17 0.011986732482910156 4 4 4 6
15 17 0.009060382843017578 2 1 3 8
15 20 0.013002634048461914 3 3 3 7
15 18 0.011256694793701172 3 3 4 7
15 18 0.01263570785522461 3 3 4 6
15 16 0.024100542068481445 3 2 4 6
15 14 0.0013134479522705078 2 2 4 7
15 15 0.010351896286010742 3 3 4 8
15 17 0.012498855590820312 3 3 4 6
15 17 0.012249469757080078 3 3 4 7
15 20 0.014058828353881836 2 2 4 5
15 15 0.008415699005126953 2 2 4 9
15 18 0.012572765350341797 4 4 4 5
15 15 0.011396169662475586 3 3 4 6
15 16 0.010073423385620117 4 4 4 8
15 24 0.01985454559326172 2 2 3 4
15 20 0.013190031051635742 3 3 3 5
15 15 0.010748147964477539 4 4 5 6
15 16 0.008987665176391602 3 3 3 8
15 18 0.013023853302001953 4 4 4 5
16 21 0.019204378128051758 3 3 3 5
16 22 0.016565799713134766 3 3 4 6
16 16 0.012251853942871094 3 3 6 8
16 17 0.012299299240112305 3 3 4 8
16 20 0.017073869705200195 3 3 3 6
16 17 0.01404118537902832 3 3 6 7
16 15 0.001216888427734375 2 2 4 10
16 18 0.036334991455078125 4 3 5 6
16 18 0.015898466110229492 2 2 4 5
16 23 0.01949143409729004 2 2 3 5
16 17 0.01209259033203125 3 3 4 8
16 22 0.055945396423339844 3 2 4 6
16 21 0.015175342559814453 4 4 4 6
16 21 0.015317678451538086 3 3 3 7
16 23 0.01760101318359375 3 3 4 5
16 20 0.012012243270874023 2 2 3 9
16 15 0.0012707710266113281 2 2 4 9
16 17 0.022043943405151367 3 2 4 6
16 21 0.013545751571655273 3 3 3 7
16 25 0.01955866813659668 2 2 3 5
16 20 0.014539003372192383 3 3 3 7
16 18 0.01536417007446289 4 4 4 6
16 19 0.015017271041870117 4 4 4 6
16 17 0.011968135833740234 5 5 5 8
16 19 0.0493168830871582 4 3 6 7
16 21 0.018900394439697266 3 3 3 5
16 16 0.008541584014892578 2 2 2 11
16 17 0.014312505722045898 4 4 4 6
16 23 0.02260303497314453 2 2 4 4
16 20 0.013648748397827148 3 3 3 7
16 20 0.015218734741210938 3 3 3 7
16 16 0.01164102554321289 3 2 5 9
16 17 0.01567983627319336 3 2 5 7
16 22 0.015925884246826172 2 2 3 5
16 20 0.014380693435668945 3 3 3 7
16 18 0.01260519027709961 3 3 4 8
16 16 0.013585329055786133 3 3 4 6
16 18 0.013297557830810547 3 3 3 8
16 23 0.019983530044555664 2 2 4 4
16 18 0.013525724411010742 4 4 5 9
16 17 0.013882875442504883 3 3 6 7
16 20 0.030271530151367188 3 2 4 5
16 18 0.013884544372558594 3 3 4 6
16 16 0.010796785354614258 1 1 2 9
16 19 0.01129460334777832 3 3 4 8
16 18 0.013259649276733398 4 4 4 8
16 18 0.013308286666870117 4 4 4 8
16 17 0.014814376831054688 3 3 4 7
16 19 0.014326333999633789 3 3 3 6
16 18 0.014654397964477539 3 3 4 6
16 17 0.028372526168823242 4 3 6 8
16 20 0.015035390853881836 3 3 4 5
16 28 0.018425941467285156 2 2 3 7
16 20 0.01806044578552246 3 3 4 4
16 20 0.017424583435058594 3 3 4 5
16 20 0.014333963394165039 4 4 4 7
16 20 0.0152130126953125 2 2 3 7
16 18 0.011869668960571289 3 3 4 8
16 21 0.020658493041992188 3 2 4 6
16 24 0.020496606826782227 2 2 3 4
16 17 0.01365971565246582 3 3 4 6
16 20 0.01716136932373047 4 4 4 5
16 18 0.013310670852661133 3 3 4 7
16 21 0.017359256744384766 3 3 3 6
16 21 0.015324592590332031 3 3 3 7
16 18 0.012937784194946289 4 4 4 8
16 17 0.01397562026977539 2 2 4 6
16 20 0.014665603637695312 2 2 4 6
16 17 0.010696172714233398 3 3 4 9
16 20 0.012594223022460938 2 2 3 9
16 18 0.01470041275024414 3 3 5 7
16 20 0.015985965728759766 3 3 4 7
16 21 0.030927181243896484 3 3 4 6
16 20 0.014459609985351562 4 4 4 7
16 18 0.01633739471435547 4 4 4 5
16 20 0.055849552154541016 3 3 4 5
16 20 0.023503541946411133 3 3 4 5
16 19 0.017190217971801758 4 4 4 5
16 20 0.014529943466186523 3 3 3 6
16 19 0.011213302612304688 2 2 3 9
16 23 0.01944446563720703 3 3 3 5
16 19 0.015785694122314453 4 4 5 7
16 19 0.023174524307250977 4 3 5 7
16 21 0.018772602081298828 3 3 4 5
16 20 0.015397787094116211 3 3 3 7
16 17 0.011851072311401367 2 2 4 7
16 22 0.03206944465637207 3 3 4 5
16 18 0.012146472930908203 3 3 5 8
16 19 0.015149354934692383 3 3 3 5
16 22 0.01999187469482422 2 2 4 5
16 27 0.022083520889282227 3 3 3 5
16 20 0.019521236419677734 3 3 4 5
16 20 0.01621723175048828 4 4 4 5
16 18 0.015436887741088867 4 4 4 6
16 17 0.012758016586303711 2 2 4 7
16 19 0.015620946884155273 5 5 5 6
16 19 0.011717796325683594 2 2 3 8
16 18 0.013913631439208984 3 3 4 7
16 25 0.01990032196044922 3 3 3 5
16 24 0.019774913787841797 3 3 4 4
16 18 0.012422800064086914 2 2 3 9
16 25 0.02045440673828125 2 2 4 4
16 20 0.018436670303344727 3 3 4 6
16 19 0.014169692993164062 3 3 4 7
16 18 0.014501094818115234 3 3 4 7
16 18 0.013132810592651367 3 2 5 8
16 22 0.01955127716064453 3 3 3 5
16 18 0.013306379318237305 3 3 3 7
16 18 0.014475822448730469 4 4 4 7
16 15 0.0011382102966308594 2 2 4 8
16 18 0.01348567008972168 3 3 4 7
16 18 0.015141487121582031 3 3 4 8
16 19 0.012488126754760742 3 3 3 9
16 25 0.021483898162841797 2 2 3 4
16 22 0.032937049865722656 3 2 3 6
16 17 0.015382528305053711 3 2 5 9
16 18 0.013273954391479492 3 3 4 7
16 18 0.013860940933227539 3 3 5 6
16 19 0.01587653160095215 3 3 4 6
16 20 0.012778759002685547 2 2 4 8
16 15 0.0011548995971679688 1 1 2 11
16 20 0.017468929290771484 3 3 4 6
16 16 0.010471105575561523 2 2 4 9
16 17 0.013465642929077148 3 3 4 8
16 17 0.012591361999511719 2 2 4 7
16 23 0.018262624740600586 3 3 4 5
16 18 0.01443934440612793 3 3 4 5
16 22 0.018842458724975586 2 2 4 5
16 15 0.001203775405883789 2 2 4 8
16 20 0.013896465301513672 3 3 4 6
16 16 0.02081155776977539 3 3 6 7
16 20 0.027165889739990234 3 2 4 6
16 22 0.016106605529785156 2 2 4 6
16 17 0.01186227798461914 3 3 4 8
16 16 0.011415243148803711 3 3 4 8
16 15 0.0012874603271484375 3 3 6 7
16 21 0.0156552791595459 3 3 3 6
16 17 0.017325639724731445 2 2 3 8
16 16 0.010898113250732422 2 1 3 9
16 15 0.0012323856353759766 2 2 4 8
16 17 0.012470722198486328 3 3 4 9
16 18 0.013677835464477539 3 3 5 6
16 18 0.014775514602661133 3 3 5 6
16 19 0.0690009593963623 4 2 5 6
16 23 0.020078182220458984 3 3 3 5
16 21 0.015521049499511719 2 2 3 7
16 19 0.014435052871704102 2 2 4 6
16 16 0.011311054229736328 2 2 4 8
16 25 0.02120518684387207 3 3 4 4
16 17 0.015212774276733398 4 4 4 7
16 22 0.047280073165893555 3 2 4 5
16 16 0.014689445495605469 3 2 4 7
16 17 0.013621091842651367 2 2 4 7
16 15 0.0016641616821289062 4 4 8 8
16 17 0.010904312133789062 2 2 4 9
16 16 0.009785175323486328 3 3 6 9
16 20 0.02489614486694336 3 3 4 5
16 17 0.012275457382202148 3 3 4 8
16 24 0.059584856033325195 3 2 3 5
16 24 0.02031230926513672 3 3 4 5
16 18 0.019903898239135742 3 3 3 8
16 21 0.025325536727905273 3 3 4 5
16 22 0.019373655319213867 3 3 4 4
16 17 0.012115001678466797 3 3 4 8
16 20 0.015326261520385742 4 4 5 6
16 22 0.020058155059814453 2 2 3 4
16 15 0.0012373924255371094 1 1 2 9
17 17 0.018579721450805664 4 4 4 8
17 18 0.01448822021484375 3 3 4 8
17 22 0.05825400352478027 3 2 4 5
17 22 0.017233848571777344 3 3 3 7
17 18 0.014582633972167969 2 2 2 11
17 19 0.013594627380371094 2 2 4 8
17 20 0.01704573631286621 3 3 4 7
17 17 0.013576269149780273 3 3 6 8
17 22 0.020525455474853516 3 3 4 6
17 23 0.022335529327392578 3 3 4 5
17 18 0.019887447357177734 3 3 6 9
17 19 0.012867927551269531 2 2 4 8
17 23 0.02035665512084961 3 3 4 6
17 21 0.047478437423706055 4 3 5 7
17 18 0.013765096664428711 4 4 8 8
17 18 0.022200584411621094 4 4 4 8
17 19 0.015563726425170898 3 3 4 8
17 22 0.0221707820892334 3 3 4 5
17 17 0.012355566024780273 3 3 4 9
17 17 0.015128374099731445 3 2 4 10
17 20 0.015328645706176758 3 3 4 8
17 20 0.02783656120300293 2 2 4 5
17 21 0.016701221466064453 3 3 3 7
17 20 0.016569852828979492 3 3 4 7
17 17 0.011765480041503906 2 2 4 11
17 17 0.0255887508392334 4 3 6 8
17 19 0.015155315399169922 3 3 5 8
17 18 0.02520442008972168 3 3 4 7
17 22 0.03445601463317871 3 3 4 5
17 21 0.02066946029663086 3 3 4 5
17 18 0.0164797306060791 2 2 4 6
17 22 0.02200794219970703 3 3 3 5
17 18 0.023876667022705078 3 3 4 7
17 17 0.013195514678955078 4 4 4 10
17 19 0.01763606071472168 2 2 4 6
17 19 0.022153854370117188 3 2 4 7
17 17 0.013894081115722656 2 2 4 7
17 20 0.01592278480529785 3 3 3 7
17 19 0.02123856544494629 3 3 4 7
17 18 0.06063508987426758 4 3 6 9
17 22 0.043091535568237305 3 2 4 5
17 22 0.020273923873901367 4 4 4 6
17 25 0.023652076721191406 3 3 4 5
17 17 0.013791799545288086 5 5 5 7
17 25 0.024690628051757812 3 3 3 5
17 27 0.07222342491149902 3 2 4 4
17 18 0.01377248764038086 3 3 4 8
17 19 0.010888338088989258 2 2 3 10
17 20 0.018984317779541016 3 3 3 6
17 20 0.016936540603637695 3 3 3 7
17 21 0.016188621520996094 5 5 5 6
17 18 0.021095991134643555 3 2 4 8
17 20 0.023785114288330078 3 3 4 5
17 21 0.02026820182800293 3 3 4 7
17 31 0.03560900688171387 2 2 3 4
17 20 0.019021034240722656 3 2 5 7
17 19 0.01854681968688965 4 4 4 6
17 20 0.02188873291015625 3 2 5 7
17 18 0.03055119514465332 4 3 5 8
17 20 0.016625642776489258 4 4 4 8
17 26 0.021333694458007812 2 2 3 7
17 24 0.020325422286987305 2 2 3 7
17 18 0.015391111373901367 2 2 4 9
17 23 0.024344444274902344 3 3 4 5
17 21 0.021270275115966797 4 4 4 6
17 21 0.020148277282714844 2 2 4 6
17 28 0.028249263763427734 3 3 3 4
17 18 0.01736927032470703 3 3 3 8
17 18 0.0119476318359375 3 3 4 11
17 24 0.04534006118774414 3 2 4 6
17 22 0.027768850326538086 3 3 4 6
17 23 0.02187037467956543 3 3 3 6
17 19 0.0162813663482666 2 2 4 7
17 19 0.017695188522338867 3 3 4 6
17 19 0.01995229721069336 3 3 5 6
17 22 0.016310691833496094 3 3 4 7
17 19 0.019980669021606445 3 3 4 7
17 25 0.026622772216796875 2 2 3 5
17 18 0.013553380966186523 3 3 4 10
17 17 0.012653589248657227 2 2 4 8
17 19 0.019719839096069336 3 3 4 7
17 17 0.010663032531738281 2 2 4 11
17 20 0.0176241397857666 3 3 4 6
17 20 0.021891355514526367 3 3 4 6
17 23 0.025751113891601562 3 3 4 5
17 19 0.014441967010498047 2 2 3 10
17 20 0.01727604866027832 4 4 4 7
17 21 0.021448612213134766 4 4 4 6
17 20 0.04974937438964844 4 3 5 7
17 20 0.017879247665405273 3 3 4 7
17 21 0.016852617263793945 3 3 4 8
17 19 0.017053604125976562 3 3 4 6
17 21 0.01847529411315918 3 3 4 7
17 24 0.019942522048950195 2 2 3 7
17 28 0.021658658981323242 4 4 4 6
17 16 0.0015556812286376953 2 2 4 9
17 18 0.010120630264282227 2 2 2 13
17 21 0.027685165405273438 3 3 4 5
17 26 0.0278167724609375 2 2 3 4
17 22 0.020598411560058594 3 3 4 6
17 20 0.017336130142211914 3 3 4 6
17 20 0.018538713455200195 4 4 4 6
17 22 0.01937270164489746 3 3 4 6
17 22 0.018094539642333984 3 3 4 6
17 19 0.01820230484008789 4 4 4 7
17 26 0.07575392723083496 3 2 5 6
17 18 0.012753486633300781 2 2 4 9
17 21 0.045139312744140625 4 3 5 6
17 19 0.0159456729888916 4 4 4 7
17 24 0.020717382431030273 3 3 4 6
17 24 0.024021625518798828 3 3 4 5
17 25 0.02057504653930664 3 3 3 7
17 17 0.012817621231079102 2 2 4 9
17 23 0.06029939651489258 3 2 5 5
17 17 0.013503551483154297 3 3 6 8
17 20 0.014896631240844727 3 3 3 8
17 22 0.021251201629638672 2 2 4 5
17 19 0.018976211547851562 3 2 4 9
17 23 0.01979207992553711 3 3 4 6
17 23 0.017769813537597656 3 3 4 7
17 21 0.01656317710876465 3 3 4 8
17 20 0.014237403869628906 2 2 4 8
17 17 0.01491689682006836 3 3 6 8
17 18 0.014017105102539062 3 3 4 9
17 24 0.020926713943481445 2 2 3 5
17 23 0.016713857650756836 2 2 3 7
17 18 0.01602911949157715 2 2 3 7
17 19 0.022417068481445312 3 2 4 6
17 21 0.02295088768005371 3 2 4 7
17 25 0.022829532623291016 2 2 3 6
17 19 0.01691889762878418 3 3 4 6
17 21 0.026149272918701172 3 2 4 6
17 20 0.0193328857421875 3 3 4 6
17 20 0.02521228790283203 3 2 4 6
17 18 0.01866316795349121 3 2 4 8
17 23 0.023082971572875977 3 3 3 5
17 18 0.013580560684204102 2 2 4 8
17 20 0.016693592071533203 3 3 6 7
17 18 0.015900373458862305 3 3 6 7
17 21 0.020837068557739258 3 3 4 6
17 19 0.018327951431274414 4 4 5 7
17 19 0.01862621307373047 3 3 5 7
17 16 0.00153350830078125 2 2 4 8
17 23 0.021400928497314453 4 4 4 5
17 21 0.015463113784790039 2 2 3 8
17 18 0.016194820404052734 3 3 6 7
17 20 0.01921248435974121 4 4 5 7
17 22 0.022116661071777344 3 3 4 5
17 22 0.020724773406982422 2 2 4 5
17 20 0.024314403533935547 3 2 4 5
18 19 0.017278194427490234 3 2 5 9
18 25 0.04251289367675781 3 2 3 5
18 28 0.11803722381591797 3 2 4 5
18 18 0.07467103004455566 4 3 6 8
18 24 0.02596426010131836 3 3 3 6
18 26 0.0304410457611084 3 3 4 5
18 25 0.024967193603515625 4 4 4 5
18 23 0.018217802047729492 2 2 4 9
18 20 0.018691301345825195 4 4 4 9
18 24 0.04273676872253418 3 2 4 6
18 29 0.026965856552124023 2 2 3 6
18 19 0.016284704208374023 2 2 4 9
18 24 0.024727344512939453 3 3 3 6
18 20 0.021628141403198242 4 4 5 8
18 27 0.0725102424621582 3 2 4 5
18 19 0.017258405685424805 5 5 5 9
18 21 0.08286404609680176 4 3 5 8
18 24 0.025202512741088867 3 3 4 6
18 20 0.019371986389160156 4 4 5 7
18 18 0.01861095428466797 3 3 4 8
18 24 0.1363978385925293 4 3 4 6
18 20 0.02085089683532715 2 2 4 6
18 21 0.08618617057800293 4 3 4 6
18 24 0.03579878807067871 3 2 5 6
18 23 0.020337820053100586 2 2 4 7
18 26 0.025753259658813477 2 2 4 5
18 23 0.020266294479370117 3 3 4 9
18 26 0.06830430030822754 3 3 4 5
18 22 0.031792402267456055 3 2 4 5
18 18 0.01626443862915039 2 2 4 9
18 20 0.01941514015197754 5 5 5 7
18 19 0.01897287368774414 3 3 6 7
18 18 0.016068458557128906 2 2 4 8
18 21 0.019800424575805664 3 3 6 7
18 27 0.02988886833190918 3 3 4 5
18 24 0.025553464889526367 3 3 4 6
18 19 0.017511844635009766 4 4 5 8
18 26 0.028774023056030273 3 3 4 5
18 20 0.020437002182006836 4 4 4 8
18 23 0.023812294006347656 3 3 4 8
18 21 0.0235903263092041 3 2 4 7
18 19 0.02217698097229004 3 3 4 7
18 21 0.018131017684936523 3 3 3 8
18 23 0.021059751510620117 3 3 5 8
18 20 0.01936197280883789 5 5 5 8
18 25 0.22954177856445312 4 3 4 6
18 25 0.029118061065673828 3 3 4 5
18 21 0.021332979202270508 4 4 4 7
18 20 0.021152973175048828 3 2 4 8
18 23 0.021853923797607422 2 2 4 6
18 20 0.02320241928100586 3 3 5 7
18 26 0.02703237533569336 3 3 3 6
18 25 0.02446889877319336 3 3 4 7
18 26 0.030437946319580078 3 3 4 5
18 23 0.02269768714904785 4 4 4 6
18 24 0.02777862548828125 3 3 4 6
18 21 0.02400517463684082 3 3 4 5
18 18 0.015691757202148438 2 2 4 10
18 19 0.015264749526977539 2 2 3 10
18 19 0.014888525009155273 3 3 6 11
18 22 0.021677494049072266 4 4 4 7
18 25 0.029851675033569336 3 3 4 5
18 22 0.02339935302734375 3 3 4 7
18 23 0.020124435424804688 3 3 3 8
18 26 0.025740861892700195 4 4 4 6
18 21 0.022423982620239258 3 3 4 7
18 23 0.02634572982788086 3 3 4 5
18 21 0.023012161254882812 3 3 6 6
18 28 0.033496856689453125 3 3 4 4
18 23 0.02568197250366211 3 3 4 7
18 24 0.03882789611816406 3 2 4 5
18 24 0.023018836975097656 3 3 4 6
18 22 0.026755571365356445 3 3 4 6
18 23 0.023329496383666992 3 3 4 6
18 25 0.02708745002746582 3 3 4 5
18 28 0.050704240798950195 3 2 4 6
18 21 0.04413580894470215 3 2 4 6
18 19 0.018750905990600586 4 4 4 8
18 20 0.016077518463134766 3 3 4 9
18 20 0.02046990394592285 4 4 5 6
18 21 0.024495840072631836 3 3 6 7
18 25 0.03108811378479004 3 3 4 5
18 22 0.02770853042602539 4 4 4 5
18 19 0.017648935317993164 3 3 4 8
18 21 0.019809961318969727 5 5 5 7
18 20 0.01950216293334961 2 2 4 8
18 20 0.02257084846496582 3 2 4 8
18 21 0.01845097541809082 3 3 3 9
18 25 0.05438065528869629 3 2 4 5
18 24 0.02111959457397461 3 3 3 8
18 18 0.07463312149047852 4 3 6 8
18 18 0.017087221145629883 6 6 6 8
18 25 0.027193784713745117 3 3 4 5
18 18 0.014740705490112305 3 3 6 10
18 22 0.01601576805114746 2 2 3 10
18 25 0.02764725685119629 3 3 3 5
18 21 0.01838397979736328 2 2 3 9
18 18 0.02947235107421875 4 3 6 10
18 19 0.018182039260864258 5 5 5 8
18 19 0.01974797248840332 2 2 4 7
18 19 0.017568588256835938 5 5 5 8
18 19 0.01624131202697754 2 2 4 10
18 20 0.023729562759399414 2 2 4 6
18 18 0.027289867401123047 4 3 6 8
18 22 0.022392988204956055 3 3 4 6
18 25 0.028293132781982422 2 2 4 6
18 21 0.021246671676635742 4 4 5 7
18 23 0.02576160430908203 3 3 4 5
18 23 0.02643895149230957 3 3 4 6
18 19 0.01787734031677246 3 3 4 8
18 21 0.019927024841308594 3 3 4 7
18 19 0.019322872161865234 3 3 4 7
18 24 0.023316621780395508 3 3 4 7
18 18 0.036695241928100586 4 3 6 8
18 19 0.01600360870361328 4 4 4 10
18 24 0.026753664016723633 3 3 4 6
18 23 0.02611851692199707 2 2 4 4
18 17 0.0016031265258789062 2 2 4 11
19 24 0.028592824935913086 3 3 3 6
19 29 0.03289675712585449 3 3 4 6
19 18 0.0020236968994140625 2 2 4 8
19 24 0.2409961223602295 4 3 4 6
19 22 0.05052971839904785 3 2 5 6
19 19 0.041639089584350586 4 3 6 9
19 18 0.0016827583312988281 3 3 6 9
19 23 0.02357625961303711 3 3 4 9
19 21 0.05217623710632324 4 3 6 8
19 20 0.02210211753845215 2 2 4 8
19 24 0.027662038803100586 3 3 4 7
19 23 0.05602264404296875 4 4 5 7
19 21 0.022641658782958984 3 3 6 7
19 28 0.02495431900024414 2 2 4 8
19 21 0.05211591720581055 3 2 5 6
19 21 0.03599238395690918 3 3 6 7
19 23 0.019291400909423828 2 2 4 9
19 24 0.023234844207763672 2 2 4 10
19 19 0.017925500869750977 4 4 6 10
19 25 0.03620505332946777 3 3 4 6
19 21 0.024904966354370117 5 5 6 7
19 29 0.06786966323852539 3 2 3 6
19 27 0.038146018981933594 3 3 4 4
19 24 0.026588916778564453 3 3 6 7
19 30 0.03935098648071289 3 3 4 5
19 21 0.02382373809814453 4 4 4 8
19 21 0.023401975631713867 4 4 4 7
19 25 0.02808237075805664 3 3 3 7
19 27 0.03748631477355957 3 3 4 5
19 23 0.03653836250305176 4 4 4 6
19 24 0.027868032455444336 3 3 4 8
19 25 0.02665424346923828 3 3 4 7
19 21 0.02167034149169922 3 3 6 8
19 22 0.023481130599975586 4 4 5 8
19 22 0.028772592544555664 4 4 5 6
19 20 0.017238616943359375 4 4 4 12
19 22 0.0330655574798584 3 3 4 5
19 24 0.0338592529296875 4 4 4 6
19 21 0.020513296127319336 3 3 6 8
19 25 0.03717637062072754 3 3 4 5
19 19 0.017295360565185547 2 2 4 11
19 25 0.03540754318237305 3 3 4 6
19 23 0.02671051025390625 3 3 5 7
19 27 0.07776403427124023 3 3 4 5
19 23 0.023792028427124023 4 4 4 9
19 23 0.05185675621032715 3 2 4 6
19 22 0.04447770118713379 3 2 4 7
19 23 0.030848026275634766 3 3 5 7
19 21 0.04094529151916504 4 3 5 8
19 24 0.030003786087036133 3 3 4 6
19 22 0.03214907646179199 3 3 4 8
19 21 0.025231122970581055 4 4 5 7
19 20 0.019465208053588867 4 4 4 10
19 24 0.0373539924621582 3 3 4 5
19 35 0.04050278663635254 3 3 3 5
19 23 0.02305126190185547 3 3 4 8
19 23 0.026452064514160156 3 3 4 7
19 24 0.04000568389892578 2 2 4 4
19 23 0.026234149932861328 4 4 4 7
19 24 0.02958393096923828 3 3 4 6
19 26 0.0293118953704834 3 3 4 6
19 25 0.03671121597290039 3 3 4 7
19 24 0.052339792251586914 3 2 4 6
19 28 0.07145428657531738 3 2 4 5
19 21 0.021794557571411133 3 3 4 9
19 28 0.03580737113952637 4 4 4 5
19 22 0.02160167694091797 3 3 6 8
19 21 0.017683982849121094 3 3 3 13
19 22 0.1216890811920166 4 2 5 7
19 26 0.03119492530822754 5 5 5 6
19 30 0.03489232063293457 3 3 4 5
19 22 0.023980379104614258 4 4 5 7
19 23 0.032904624938964844 3 3 4 7
19 33 0.04597139358520508 3 3 3 4
19 21 0.030681371688842773 3 2 4 8
19 28 0.03981518745422363 3 3 4 5
19 22 0.030632734298706055 3 2 4 8
19 24 0.026419639587402344 4 4 4 6
19 21 0.03177237510681152 4 3 5 10
19 26 0.03522038459777832 4 4 4 7
19 22 0.024682283401489258 2 2 3 7
19 22 0.025170326232910156 4 4 6 8
19 22 0.02309274673461914 4 4 4 7
19 18 0.0015773773193359375 2 2 4 8
19 24 0.03905034065246582 3 3 4 6
19 26 0.046751976013183594 2 2 4 6
19 22 0.021163225173950195 3 3 4 9
19 21 0.020544767379760742 2 2 4 9
19 21 0.02523040771484375 2 2 4 10
19 22 0.03052830696105957 3 2 4 7
19 20 0.030890226364135742 3 3 5 7
19 31 0.03877711296081543 3 3 3 5
19 18 0.0037224292755126953 3 3 6 10
19 29 0.10323572158813477 3 3 4 5
19 20 0.024699926376342773 2 2 4 10
19 21 0.020105361938476562 4 4 7 9
19 23 0.027042150497436523 5 5 5 7
19 28 0.07685279846191406 3 3 4 5
19 27 0.029343366622924805 3 3 3 7
19 20 0.021512746810913086 3 3 6 8
19 31 0.06613326072692871 3 2 3 5
19 18 0.0016236305236816406 3 3 6 10
19 21 0.022000551223754883 3 3 3 9
19 22 0.029795408248901367 4 4 4 5
19 21 0.027534961700439453 3 3 5 7
19 21 0.03395962715148926 4 4 5 7
19 23 0.02718067169189453 3 3 5 6
19 22 0.020113706588745117 3 3 6 9
19 21 0.025716066360473633 3 3 4 7
19 25 0.03756117820739746 3 3 4 6
19 19 0.01873326301574707 3 3 6 10
19 20 0.09094643592834473 4 2 5 8
20 21 0.06873512268066406 4 4 6 8
20 22 0.02228379249572754 3 3 4 11
20 21 0.029198646545410156 3 3 5 10
20 24 0.027164697647094727 3 3 4 8
20 22 0.02103137969970703 2 2 3 10
20 23 0.020987510681152344 2 2 4 11
20 21 0.027936935424804688 3 2 5 10
20 25 0.07723021507263184 3 2 5 6
20 22 0.032141923904418945 5 5 5 6
20 21 0.03029775619506836 2 2 4 9
20 22 0.022789716720581055 3 3 4 9
20 22 0.03202176094055176 3 3 6 7
20 24 0.03733658790588379 3 3 5 6
20 23 0.029150962829589844 4 4 4 10
20 24 0.034383296966552734 3 2 5 10
20 22 0.029432296752929688 3 3 6 6
20 25 0.03680539131164551 3 2 4 8
20 26 0.028624534606933594 3 3 4 9
20 25 0.03411722183227539 4 4 5 7
20 23 0.03403615951538086 4 4 5 6
20 24 0.03264307975769043 4 4 5 7
20 27 0.03824281692504883 3 3 4 6
20 22 0.029386043548583984 3 3 5 8
20 27 0.04131937026977539 3 3 4 6
20 26 0.03851485252380371 3 3 4 6
20 26 0.03438210487365723 4 4 4 7
20 23 0.030233383178710938 4 4 5 8
20 29 0.03199577331542969 2 2 4 8
20 22 0.023265600204467773 4 4 4 10
20 21 0.023970365524291992 4 4 4 10
20 22 0.02406144142150879 3 3 4 10
20 27 0.07423925399780273 3 3 4 6
20 28 0.03898882865905762 3 3 5 7
20 25 0.034159183502197266 3 3 6 6
20 31 0.04456830024719238 3 3 4 5
20 28 0.03954052925109863 3 3 4 6
20 30 0.04562497138977051 3 3 4 5
20 24 0.03163504600524902 3 2 4 9
20 23 0.07436013221740723 4 3 5 7
20 24 0.030382156372070312 5 5 5 7
20 30 0.4506840705871582 3 3 4 5
20 22 0.04932999610900879 3 3 5 6
20 22 0.044367313385009766 4 3 6 8
20 26 0.03941011428833008 3 3 4 8
20 26 0.03522777557373047 3 3 4 6
20 24 0.08018016815185547 4 3 6 7
20 27 0.03736281394958496 3 3 4 7
20 22 0.03708386421203613 3 3 4 7
20 23 0.04335165023803711 2 2 4 5
20 25 0.024114131927490234 3 3 4 9
20 22 0.09230899810791016 4 3 6 8
20 22 0.025895357131958008 2 2 4 9
20 19 0.002333402633666992 2 2 4 14
20 28 0.03431510925292969 4 4 4 6
20 30 0.0377352237701416 3 3 3 6
20 26 0.03518939018249512 4 4 5 7
20 28 0.03882741928100586 4 4 4 7
20 21 0.024213075637817383 3 3 3 10
20 22 0.019725561141967773 2 2 4 12
20 24 0.036408424377441406 3 3 4 6
20 20 0.025038719177246094 3 3 5 8
20 24 0.028653621673583984 3 3 5 8
20 27 0.0649712085723877 3 3 4 5
20 25 0.032398223876953125 4 4 6 8
20 24 0.0257720947265625 3 3 4 9
20 25 0.04696917533874512 3 2 4 7
20 24 0.028135061264038086 3 3 4 9
20 23 0.02658247947692871 4 4 4 8
20 23 0.0265960693359375 3 3 4 8
20 25 0.03612852096557617 3 3 4 7
20 21 0.029434680938720703 4 4 6 7
20 28 0.03712129592895508 2 2 4 6
20 24 0.030140161514282227 4 4 6 7
20 28 0.043387651443481445 3 3 4 5
20 23 0.027240753173828125 4 4 4 8
20 20 0.022446632385253906 3 3 4 10
20 22 0.0295562744140625 3 3 5 8
20 21 0.02800273895263672 3 3 4 9
20 21 0.031514644622802734 3 3 6 7
20 23 0.05490231513977051 3 3 5 6
20 26 0.03836941719055176 3 3 4 6
20 25 0.08103537559509277 3 3 4 6
20 21 0.021445274353027344 3 3 6 10
20 25 0.03436160087585449 3 3 4 6
20 27 0.03988146781921387 3 3 4 6
20 21 0.030129671096801758 4 4 6 7
20 23 0.05098772048950195 3 3 5 6
20 25 0.03999042510986328 3 3 4 5
20 25 0.029793262481689453 4 4 5 8
20 21 0.029834985733032227 3 3 4 7
20 22 0.025461435317993164 3 3 6 8
20 22 0.028232574462890625 4 4 5 8
20 20 0.03747129440307617 4 3 6 10
21 22 0.05754518508911133 4 3 5 10
21 26 0.042078256607055664 4 4 5 7
21 29 0.043882131576538086 4 4 4 6
21 24 0.035707950592041016 4 4 5 9
21 35 0.05886101722717285 3 3 4 5
21 29 0.04830050468444824 3 3 4 6
21 22 0.027233600616455078 3 3 4 10
21 23 0.0431063175201416 4 3 6 9
21 26 0.06217145919799805 3 3 4 6
21 21 0.027424097061157227 4 4 5 11
21 27 0.03902935981750488 3 3 5 7
21 26 0.10480833053588867 3 3 5 6
21 36 0.06576108932495117 3 3 3 4
21 20 0.0018467903137207031 2 2 4 12
21 24 0.03321480751037598 3 3 4 10
21 33 0.06302976608276367 3 3 4 4
21 24 0.03110337257385254 4 4 6 9
21 24 0.03086566925048828 2 2 4 9
21 24 0.046067237854003906 4 4 4 7
21 26 0.05271625518798828 4 4 4 6
21 25 0.0794229507446289 3 3 4 7
21 23 0.03739309310913086 3 2 5 9
21 20 0.0019040107727050781 3 3 6 9
21 41 0.05736970901489258 3 3 3 6
21 24 0.03835916519165039 4 4 5 7
21 26 0.037322282791137695 4 4 4 7
21 29 0.043702125549316406 4 4 5 6
21 23 0.039267778396606445 3 3 5 8
21 32 0.05161118507385254 4 4 4 5
21 29 0.04996037483215332 3 3 4 7
21 25 0.02595043182373047 3 3 4 11
21 30 0.04508662223815918 4 4 4 6
21 25 0.035189151763916016 3 3 6 7
21 26 0.04362678527832031 4 4 4 9
21 28 0.04841136932373047 3 3 5 6
21 25 0.09203624725341797 3 2 4 6
21 26 0.11170363426208496 3 2 5 6
21 30 0.07377862930297852 3 2 4 6
21 25 0.03554368019104004 3 3 4 9
21 24 0.1947493553161621 4 3 6 7
21 27 0.047833919525146484 3 3 4 6
21 26 0.04728293418884277 4 4 5 5
21 25 0.04214930534362793 4 4 4 8
21 25 0.04306674003601074 4 4 4 7
21 24 0.040401458740234375 4 4 4 6
21 24 0.024474143981933594 3 3 6 11
21 26 0.04902911186218262 4 4 5 6
21 24 0.039025306701660156 4 4 4 7
21 27 0.03410458564758301 4 4 4 10
21 22 0.030347108840942383 4 4 6 10
21 26 0.03551888465881348 4 4 4 8
21 25 0.03168940544128418 3 3 5 9
21 26 0.10773849487304688 4 3 4 8
21 24 0.030101537704467773 3 3 4 10
21 24 0.03419899940490723 4 4 6 7
21 24 0.03386497497558594 4 4 5 7
21 27 0.11877894401550293 4 3 4 8
21 28 0.04216814041137695 3 3 4 6
21 25 0.04488730430603027 4 4 4 7
21 24 0.03364157676696777 3 3 5 9
21 26 0.02885913848876953 2 2 4 8
21 29 0.11309695243835449 4 3 4 8
21 22 0.02901935577392578 4 4 4 10
21 24 0.02884054183959961 4 4 4 9
21 28 0.0492405891418457 2 2 4 8
21 28 0.0589601993560791 4 4 4 5
21 26 0.033392906188964844 4 4 4 9
21 24 0.05106353759765625 4 3 5 9
21 25 0.0720968246459961 5 5 5 7
21 27 0.0403287410736084 4 4 5 7
21 28 0.040413618087768555 3 3 4 6
21 26 0.03707170486450195 4 4 4 8
21 26 0.03987431526184082 5 5 6 7
21 20 0.002873659133911133 3 3 6 11
21 24 0.03231358528137207 4 4 4 9
21 33 0.3688333034515381 3 3 5 6
21 24 0.03671073913574219 5 5 6 7
21 30 0.045549631118774414 3 3 4 7
21 25 0.032950639724731445 3 3 4 9
21 22 0.07266402244567871 4 3 6 7
21 24 0.033315420150756836 5 5 5 8
21 24 0.05968952178955078 4 3 6 9
21 21 0.030694007873535156 3 2 5 10
21 25 0.0323026180267334 3 3 6 8
21 22 0.023618459701538086 3 3 6 11
21 26 0.04529929161071777 3 3 6 6
21 25 0.042469024658203125 3 3 4 6
21 23 0.04219317436218262 3 3 6 7
21 28 0.047215938568115234 4 4 5 6
21 29 0.06461787223815918 3 3 4 6
21 27 0.04198408126831055 3 3 4 7
21 28 0.04162192344665527 3 3 4 6
21 23 0.062212467193603516 4 3 4 10
21 27 0.028876304626464844 2 2 4 10
21 22 0.023914098739624023 3 3 5 10
21 28 0.04335451126098633 3 3 4 6
21 24 0.03995394706726074 4 4 4 7
21 28 0.03519940376281738 3 3 4 7
21 24 0.0377354621887207 4 4 6 7
21 31 0.04341912269592285 3 3 4 7
21 38 0.20661354064941406 3 2 3 4
21 26 0.04043912887573242 3 3 5 6
22 24 0.09297800064086914 4 3 6 11
22 30 0.05155348777770996 4 4 4 7
22 34 0.17209219932556152 3 2 4 6
22 23 0.04196357727050781 3 3 5 9
22 28 0.04703569412231445 4 4 5 8
22 25 0.07511281967163086 3 3 4 10
22 30 1.0923619270324707 4 3 5 6
22 23 0.025627851486206055 2 2 4 12
22 22 0.027974367141723633 3 3 6 12
22 31 0.06421804428100586 4 4 4 5
22 26 0.1459207534790039 4 3 5 7
22 22 0.03294825553894043 3 3 4 10
22 27 0.048220157623291016 3 3 4 8
22 24 0.03328418731689453 3 3 5 10
22 25 0.04320120811462402 3 3 6 7
22 34 0.12898635864257812 3 2 4 5
22 26 0.03374004364013672 3 3 4 10
22 28 0.05044150352478027 3 3 5 6
22 31 0.09149503707885742 3 2 3 7
22 26 0.046373844146728516 4 4 5 6
22 37 0.09983944892883301 3 3 4 5
22 26 0.033861398696899414 3 3 4 9
22 28 0.04648733139038086 4 4 4 8
22 27 0.04646015167236328 4 4 4 7
22 21 0.004930973052978516 3 3 6 11
22 30 0.05512189865112305 4 4 4 6
22 29 0.05016350746154785 4 4 4 7
22 26 0.04800701141357422 4 4 5 6
22 22 0.022391796112060547 5 5 10 14
22 24 0.033017635345458984 4 4 4 9
22 21 0.0020432472229003906 3 3 6 13
22 31 0.2812509536743164 3 2 4 5
22 23 0.04656624794006348 4 4 7 10
22 25 0.21061420440673828 4 3 5 8
22 30 0.04908013343811035 4 4 4 6
22 28 0.04740476608276367 4 4 5 6
22 24 0.03697705268859863 3 3 6 9
22 27 0.03568863868713379 4 4 4 8
22 28 0.07652807235717773 4 4 5 7
22 24 0.02775740623474121 2 2 4 13
22 31 0.05962777137756348 3 3 4 6
22 29 0.24416160583496094 4 3 5 6
22 26 0.03862142562866211 4 4 5 10
22 25 0.03648233413696289 4 4 5 9
22 25 0.027512311935424805 2 2 3 13
22 31 0.19412732124328613 3 3 4 6
22 29 0.22719717025756836 4 3 5 6
22 26 0.08481311798095703 4 3 5 9
22 25 0.04074525833129883 4 4 5 9
22 25 0.04335904121398926 3 3 6 7
22 26 0.03654599189758301 3 3 4 10
22 27 0.037853240966796875 3 3 4 10
22 27 0.05165576934814453 4 4 6 8
22 27 0.04912519454956055 5 5 5 7
22 28 0.6586074829101562 4 3 6 6
22 27 0.0371088981628418 3 3 3 10
22 30 0.048360586166381836 3 3 4 7
22 22 0.03763151168823242 3 3 6 9
22 26 0.035156965255737305 4 4 4 10
22 29 0.0500798225402832 3 3 5 6
22 24 0.030458688735961914 4 4 6 10
22 27 0.04556131362915039 4 4 4 7
22 25 0.040273427963256836 4 4 4 7
22 30 0.5060975551605225 4 3 5 5
22 27 0.07784295082092285 4 3 4 8
22 36 0.0697164535522461 3 3 4 5
22 25 0.04344606399536133 3 3 4 8
22 29 0.09204959869384766 3 3 4 5
22 25 0.1535358428955078 4 3 6 10
22 34 0.06810855865478516 3 3 4 5
22 26 0.0507512092590332 3 2 5 8
22 28 0.045372962951660156 4 4 4 7
22 26 0.08537602424621582 3 3 5 7
22 27 0.32079100608825684 4 2 5 7
22 30 0.09613561630249023 3 2 4 6
22 23 0.07725286483764648 4 3 5 9
22 30 0.0601351261138916 4 4 4 6
22 22 0.028072118759155273 2 2 4 13
22 22 0.03487586975097656 7 7 7 10
22 24 0.03099536895751953 3 3 6 10
22 29 0.09696650505065918 3 2 4 5
22 22 0.030489444732666016 3 3 6 10
22 25 0.13516712188720703 4 3 5 9
23 24 0.08747458457946777 4 3 6 8
23 25 0.047910213470458984 4 4 6 10
23 24 0.02916741371154785 3 3 6 13
23 22 0.0021758079528808594 3 3 6 11
23 39 0.690528392791748 3 2 5 5
23 25 0.02605414390563965 2 2 4 15
23 26 0.04132342338562012 4 4 7 10
23 24 0.05054020881652832 2 2 4 7
23 25 0.04391789436340332 4 4 4 8
23 24 0.028558731079101562 3 3 4 14
23 22 0.0028345584869384766 3 3 6 9
23 29 1.4041335582733154 4 3 4 7
23 34 0.06220197677612305 3 3 4 7
23 27 0.03615164756774902 4 4 4 12
23 23 0.038869380950927734 3 3 4 11
23 24 0.03313732147216797 2 2 4 11
23 32 0.06829285621643066 2 2 4 6
23 28 0.04517984390258789 4 4 5 9
23 31 0.12521648406982422 3 3 5 7
23 28 0.04604363441467285 3 3 4 9
23 25 0.1275160312652588 4 3 6 7
23 25 0.05887436866760254 4 4 6 8
23 24 0.03237557411193848 2 2 4 10
23 24 0.05124783515930176 4 4 6 11
23 29 0.052828073501586914 3 3 4 8
23 28 0.05486106872558594 5 5 5 7
23 30 0.07929372787475586 3 3 4 7
23 27 0.05441117286682129 4 4 5 8
23 30 0.05547475814819336 4 4 5 8
23 28 0.0495147705078125 4 4 5 8
23 32 0.06272339820861816 3 3 4 5
23 27 0.17646503448486328 4 3 6 9
23 29 0.3360767364501953 3 3 5 6
23 29 0.05543017387390137 3 3 4 8
23 26 0.03958296775817871 7 7 7 9
23 27 0.04944896697998047 4 4 5 7
23 26 0.041397809982299805 3 3 6 9
23 35 0.07099556922912598 3 3 4 6
23 22 0.002438068389892578 3 3 6 8
23 26 0.05099987983703613 4 4 5 8
23 28 0.04544663429260254 5 5 6 7
23 26 0.05544853210449219 3 3 5 7
23 38 0.07960128784179688 3 3 4 6
23 26 0.04293560981750488 4 4 6 8
23 31 0.0674750804901123 3 3 4 6
23 31 0.19752168655395508 3 3 6 6
23 30 0.06785225868225098 3 2 4 6
23 29 0.05631875991821289 4 4 5 8
23 28 0.050394535064697266 3 3 4 7
23 27 0.043236494064331055 3 3 4 9
23 29 0.13706159591674805 4 4 6 7
23 34 0.2601790428161621 3 3 4 6
23 29 0.053603172302246094 3 3 5 7
23 31 0.05986642837524414 3 3 4 6
23 26 0.04616808891296387 4 4 7 8
23 34 0.1166834831237793 3 2 4 6
23 28 0.10184311866760254 4 4 5 7
23 29 0.10898852348327637 4 3 5 7
23 31 0.13170838356018066 3 3 4 6
23 32 0.05958962440490723 3 3 4 6
23 37 0.0714714527130127 3 3 5 6
23 25 0.04319477081298828 3 3 4 9
23 24 0.03657650947570801 4 4 5 11
23 27 0.043352603912353516 3 3 5 10
23 27 0.0500185489654541 3 3 5 8
23 23 0.04172062873840332 3 3 6 8
23 28 0.047304391860961914 3 3 6 9
23 29 0.06311607360839844 3 3 4 6
23 35 1.5281744003295898 4 3 4 6
23 25 0.21094965934753418 4 3 5 8
23 23 0.04198455810546875 3 3 6 8
23 25 0.04179978370666504 3 3 6 9
23 26 0.18345093727111816 4 3 6 9
23 27 0.05193829536437988 4 4 5 7
23 28 0.04616808891296387 4 4 6 8
23 25 0.04447031021118164 3 3 4 8
24 27 0.051313161849975586 4 4 5 9
24 28 0.04157662391662598 3 3 4 10
24 33 3.15734601020813 4 3 6 7
24 35 0.0711832046508789 2 2 4 7
24 34 0.08388566970825195 3 3 5 6
24 25 0.04356884956359863 4 4 5 11
24 33 0.06348156929016113 3 3 4 7
24 23 0.002643585205078125 2 2 4 15
24 27 0.054244279861450195 3 3 4 8
24 28 0.04900789260864258 3 3 4 10
24 25 0.045488834381103516 3 3 4 10
24 32 0.06763124465942383 3 3 5 7
24 24 0.04256105422973633 5 5 8 10
24 25 0.043332815170288086 5 5 5 10
24 26 0.05509495735168457 3 3 5 7
24 28 0.04907798767089844 3 3 4 8
24 38 0.45491647720336914 3 3 4 5
24 25 0.10222458839416504 4 3 6 8
24 27 0.0615541934967041 5 5 6 8
24 29 0.04616045951843262 2 2 4 10
24 25 0.4674379825592041 4 3 6 8
24 32 0.06166958808898926 4 4 5 8
24 29 0.06012988090515137 4 4 6 8
24 28 0.06685185432434082 4 4 5 7
24 30 0.0827033519744873 3 3 5 8
24 27 0.05037188529968262 4 4 4 9
24 29 0.0748591423034668 3 3 4 7
24 27 0.09564757347106934 4 4 5 9
24 26 0.0604252815246582 5 5 6 8
24 27 0.04781198501586914 3 3 4 8
24 27 0.05120730400085449 4 4 8 8
24 34 2.012725830078125 4 3 6 7
24 23 0.0023467540740966797 3 3 6 12
24 36 0.1883397102355957 3 3 4 6
24 27 0.05503487586975098 3 3 6 8
24 28 0.09189558029174805 4 4 5 7
24 30 0.06331133842468262 4 4 6 7
24 30 0.05365133285522461 4 4 6 9
24 27 0.05315685272216797 4 4 5 8
24 28 0.08455038070678711 4 3 6 9
24 27 0.06860232353210449 4 4 5 6
24 29 0.06813406944274902 4 4 5 7
24 26 0.04996204376220703 3 3 6 8
24 28 0.05708646774291992 4 4 4 9
24 28 0.05799412727355957 4 4 5 9
24 28 0.05772519111633301 4 4 5 8
24 28 0.26654672622680664 5 4 5 9
24 25 0.03850889205932617 3 3 4 13
24 36 3.6113975048065186 4 3 5 6
24 31 0.40301990509033203 4 3 4 8
24 29 0.0638725757598877 4 4 4 7
24 35 0.07816958427429199 3 3 4 6
24 27 0.06132149696350098 3 2 4 9
24 28 0.05828547477722168 5 5 6 9
24 28 0.3058178424835205 4 3 5 8
24 27 0.04532480239868164 6 6 6 9
24 28 0.05258059501647949 3 3 5 8
24 33 0.0959625244140625 3 3 4 5
24 34 0.07211565971374512 4 4 4 6
24 30 0.0494236946105957 3 3 4 10
24 28 0.09924554824829102 4 3 7 8
24 28 0.039519548416137695 3 3 4 11
24 25 0.041194915771484375 3 3 6 9
24 32 0.2407536506652832 4 3 5 9
24 24 0.05109453201293945 4 4 6 11
24 30 0.0651390552520752 3 3 4 6
24 31 0.13230443000793457 3 2 5 7
24 30 0.05294656753540039 4 4 4 9
24 28 0.06003141403198242 3 3 4 7
24 32 0.5942087173461914 4 3 5 7
24 24 0.03976273536682129 3 3 6 10
24 25 0.04812741279602051 3 3 6 7
24 26 0.05067563056945801 5 5 6 9
25 32 0.28220367431640625 3 3 5 6
25 37 1.4471380710601807 4 3 5 8
25 25 0.10232949256896973 4 3 7 10
25 27 0.09229731559753418 4 4 6 9
25 28 0.054598093032836914 5 5 5 8
25 31 0.05574488639831543 3 3 4 10
25 27 0.05805063247680664 4 4 4 9
25 33 0.08124542236328125 3 3 5 8
25 29 0.14380359649658203 4 3 5 7
25 26 0.047865867614746094 2 2 4 10
25 29 0.35559535026550293 5 4 6 10
25 30 0.0667731761932373 4 4 5 7
25 29 0.05565619468688965 4 4 6 9
25 26 0.5264997482299805 4 3 5 8
25 27 0.05298757553100586 4 4 5 9
25 31 0.07319831848144531 4 4 5 7
25 29 0.05507087707519531 3 3 6 10
25 26 0.08578729629516602 4 3 6 11
25 26 0.05523061752319336 4 4 5 8
25 27 0.05658674240112305 5 5 6 9
25 26 0.05250358581542969 3 3 4 9
25 29 0.08648896217346191 3 3 4 9
25 30 0.06940054893493652 3 3 5 8
25 26 0.043726205825805664 2 2 4 10
25 27 0.09208893775939941 3 3 6 8
25 29 0.06091761589050293 4 4 5 8
25 26 0.0511927604675293 5 5 6 9
25 27 0.05550360679626465 6 6 7 8
25 33 0.07831120491027832 4 4 5 7
25 37 0.0782620906829834 3 3 4 8
25 32 0.07961297035217285 3 3 5 6
25 30 0.24152636528015137 4 3 6 8
25 32 3.5067050457000732 4 3 6 8
25 26 0.2302100658416748 4 3 7 10
25 33 0.14184832572937012 3 2 4 9
25 36 0.08237361907958984 3 3 4 6
25 33 1.3528730869293213 4 3 5 7
25 26 0.04024910926818848 5 5 5 15
25 26 0.050072431564331055 6 6 6 9
25 31 0.07398390769958496 4 4 5 7
25 28 0.04299640655517578 3 3 4 13
25 30 0.20917582511901855 3 2 5 6
25 32 0.2581291198730469 4 3 6 8
25 35 0.12939763069152832 3 3 5 5
25 28 0.04416298866271973 3 3 4 13
25 28 0.04433846473693848 3 3 4 13
25 29 0.17793917655944824 4 3 7 10
25 42 0.09254264831542969 3 3 4 7
25 32 0.11301445960998535 3 3 5 7
25 37 0.09751629829406738 3 3 4 6
25 30 0.07063889503479004 4 4 6 7
25 30 0.21248698234558105 4 4 5 7
25 32 0.07401347160339355 5 5 5 8
25 36 0.09336543083190918 4 4 4 5
25 29 0.06472277641296387 4 4 6 8
25 29 0.06934404373168945 3 3 4 8
25 29 1.8349683284759521 5 3 6 8
25 28 0.05643916130065918 3 2 4 12
25 32 1.483426570892334 4 3 5 7
25 28 0.044678688049316406 3 3 4 13
25 32 0.06981968879699707 4 4 5 8
25 26 0.06796145439147949 3 3 6 10
25 31 0.8190281391143799 4 3 5 7
25 29 0.06090354919433594 3 3 5 9
25 27 0.04456686973571777 5 5 6 10
25 28 0.0638735294342041 4 4 5 9
25 30 0.0753011703491211 4 4 5 7
25 29 0.06481599807739258 4 4 4 7
25 28 0.06318140029907227 4 4 4 8
25 28 0.17912697792053223 4 3 5 9
25 29 0.16710305213928223 4 3 5 8
25 29 0.06584692001342773 4 4 5 8
25 29 0.08239102363586426 3 3 6 9
25 31 0.05812215805053711 4 4 5 9
25 34 0.08265209197998047 3 3 4 6
25 35 0.08612680435180664 3 3 4 7
25 27 0.06643843650817871 3 2 5 9
25 29 0.06098318099975586 3 3 6 9
25 31 0.06903505325317383 3 3 5 8
25 29 0.0626070499420166 5 5 6 9
25 29 0.06323575973510742 3 3 5 9
25 26 0.05689811706542969 3 2 5 10
25 29 0.05881309509277344 3 3 5 10
25 25 0.116058349609375 4 4 8 10
25 24 0.0028417110443115234 2 2 4 10
25 28 0.0633699893951416 3 3 6 8
26 36 0.10767483711242676 3 3 4 5
26 30 0.22635293006896973 4 3 6 9
26 33 0.2557671070098877 3 3 5 8
26 32 0.08176994323730469 4 4 4 8
26 28 0.04309487342834473 2 2 4 14
26 26 0.07257580757141113 4 4 8 13
26 28 0.06028580665588379 5 5 5 9
26 29 0.06983089447021484 3 3 6 8
26 28 0.056514739990234375 3 3 6 11
26 26 0.04588127136230469 3 3 6 14
26 28 0.11870765686035156 4 4 6 8
26 34 0.0644979476928711 4 4 5 8
26 27 0.05704331398010254 3 3 6 9
26 27 0.061725616455078125 4 4 5 8
26 32 0.09770703315734863 4 4 5 6
26 30 0.07718467712402344 5 5 5 8
26 28 0.0657191276550293 4 4 6 10
26 29 0.06354045867919922 3 3 6 10
26 29 0.07961440086364746 3 3 4 8
26 36 3.505718946456909 4 3 4 6
26 27 0.058847904205322266 4 4 4 9
26 31 0.10033917427062988 3 3 6 10
26 27 0.12045884132385254 4 3 6 8
26 33 0.0860130786895752 3 3 5 8
26 31 0.1392507553100586 4 4 6 7
26 26 0.052373409271240234 3 2 5 13
26 28 0.04293704032897949 3 3 6 14
26 27 0.04961252212524414 2 2 4 11
26 30 0.06742024421691895 3 3 4 9
26 30 0.08719801902770996 4 4 5 6
26 36 1.6677155494689941 4 3 5 9
26 33 0.07473945617675781 5 5 5 8
26 26 0.06903648376464844 5 5 6 8
26 29 0.05663728713989258 3 3 5 11
26 29 0.0613250732421875 4 4 4 12
26 32 0.06984329223632812 5 5 6 8
26 32 0.4102962017059326 4 3 5 7
26 38 0.14752483367919922 3 3 4 6
26 31 0.28754138946533203 5 5 6 7
26 36 0.09219908714294434 3 3 5 7
26 30 0.0646364688873291 3 3 6 10
26 30 0.8769729137420654 5 4 8 11
26 31 0.08291101455688477 4 4 6 8
26 28 0.07167911529541016 4 4 5 11
26 31 0.05882143974304199 4 4 4 10
26 29 1.3710236549377441 5 4 8 9
26 29 0.6247003078460693 5 4 6 9
26 34 3.729607343673706 3 2 4 6
26 31 0.06127023696899414 4 4 7 10
26 29 0.0680227279663086 5 5 6 9
26 32 0.3638803958892822 4 3 7 9
26 35 6.232426166534424 4 3 4 7
26 28 0.056307077407836914 5 5 6 11
26 31 0.5214781761169434 4 4 6 8
26 38 1.7008991241455078 3 3 4 5
26 31 0.05961966514587402 4 4 5 9
26 29 0.15909790992736816 4 3 6 8
26 34 0.22571682929992676 3 3 5 6
26 32 0.07952046394348145 4 4 5 8
26 32 0.12138032913208008 4 4 4 9
26 32 0.3170342445373535 4 4 6 10
26 26 0.3334503173828125 5 4 8 10
26 31 0.06886434555053711 4 4 4 9
26 36 2.6225783824920654 4 3 6 8
26 28 0.05173158645629883 4 4 5 11
26 30 0.09123587608337402 4 4 5 10
26 32 0.08010601997375488 3 3 5 7
26 32 0.09016036987304688 4 4 5 6
26 34 0.1038980484008789 3 3 5 7
26 36 0.0901789665222168 3 3 4 6
26 37 1.4876585006713867 4 3 5 7
26 36 0.10179424285888672 4 4 5 7
26 28 0.07449555397033691 4 4 6 10
26 27 0.06764006614685059 4 4 5 9
26 34 0.4746522903442383 4 3 6 10
26 32 0.08889508247375488 3 3 4 7
26 27 0.06786942481994629 3 3 6 10
26 27 0.04682421684265137 3 3 6 13
26 28 0.8818483352661133 5 4 6 9
26 32 0.07877731323242188 4 4 5 9
26 27 0.05869126319885254 4 4 6 9
26 42 0.13000178337097168 4 4 4 5
26 27 0.08993124961853027 5 5 6 11
27 28 0.06143617630004883 4 4 4 11
27 31 0.07929778099060059 3 3 4 9
27 30 0.43613767623901367 5 4 6 9
27 36 0.08884954452514648 3 3 4 8
27 31 1.0375382900238037 5 4 6 8
27 33 0.5710306167602539 4 3 5 8
27 28 0.07310271263122559 4 4 5 9
27 29 0.09106945991516113 4 4 5 9
27 36 1.569305181503296 4 3 5 7
27 27 0.0569760799407959 3 3 6 13
27 31 0.06593465805053711 4 4 5 11
27 31 0.07351088523864746 4 4 5 10
27 33 0.1086111068725586 3 3 6 7
27 32 1.5186479091644287 4 3 6 7
27 31 0.08350539207458496 4 4 5 8
27 30 0.13190245628356934 4 4 5 6
27 33 0.42043590545654297 4 3 5 7
27 31 0.5085527896881104 4 3 5 12
27 35 0.08829855918884277 4 4 6 7
27 29 0.08759117126464844 3 3 6 8
27 29 0.06820988655090332 5 5 5 10
27 30 0.07045435905456543 6 6 6 9
27 37 0.1294701099395752 3 3 6 6
27 28 0.057187557220458984 4 4 6 9
27 29 0.061852216720581055 4 4 4 11
27 35 0.24586749076843262 4 3 5 7
27 32 0.0905609130859375 5 5 5 9
27 31 1.804776906967163 5 4 6 8
27 36 0.26186633110046387 4 3 5 9
27 39 0.11215949058532715 3 3 5 7
27 30 0.7588467597961426 4 3 5 9
27 35 0.11978697776794434 3 3 5 6
27 30 0.07777070999145508 4 4 6 9
27 31 0.5152854919433594 5 4 6 9
27 30 0.07539081573486328 4 4 6 8
27 32 0.07527494430541992 3 3 6 10
27 27 0.06378817558288574 3 3 6 11
27 30 0.08392763137817383 5 5 6 8
27 37 0.12003278732299805 4 4 4 7
27 35 0.09723997116088867 5 5 6 8
27 28 0.06850552558898926 5 5 7 10
27 38 1.3240289688110352 4 3 5 6
27 33 0.09858441352844238 4 4 6 7
27 37 2.7848803997039795 4 3 5 5
27 33 0.11636805534362793 3 3 5 10
27 35 0.11695265769958496 4 4 5 7
27 30 0.06607699394226074 6 6 7 11
27 34 5.097502708435059 5 4 6 8
27 31 0.0696563720703125 6 6 7 11
27 33 0.07268166542053223 3 3 4 10
27 34 0.10310697555541992 5 5 6 7
27 31 0.0688788890838623 7 7 7 9
27 31 0.09591174125671387 3 3 4 11
27 32 0.48969578742980957 5 4 6 9
27 31 0.0720527172088623 5 5 5 10
27 35 0.10635709762573242 3 3 5 7
27 36 0.08892178535461426 4 4 5 8
27 28 0.06336522102355957 4 4 8 12
27 34 0.21897172927856445 4 3 5 8
27 32 0.10204172134399414 4 4 5 6
27 35 0.16257238388061523 3 3 6 6
27 37 0.1093301773071289 4 4 5 7
27 37 0.11216282844543457 3 3 5 6
27 33 2.7459523677825928 4 3 6 9
27 32 0.10978364944458008 4 4 6 8
27 27 0.0539860725402832 3 3 6 13
27 29 0.12216997146606445 4 3 6 11
27 27 0.06545734405517578 3 3 6 11
27 28 0.08089661598205566 3 3 6 7
27 34 0.2442786693572998 4 4 5 7
27 31 0.07097458839416504 6 6 6 9
27 32 0.10039043426513672 5 5 6 7
27 31 0.15169882774353027 4 4 6 9
27 34 0.08704948425292969 5 5 5 9
27 37 0.3360140323638916 3 3 5 6
27 36 0.11535096168518066 4 4 5 7
27 32 0.12358212471008301 5 5 5 9
27 30 0.07201743125915527 3 3 5 10
27 32 0.19672417640686035 4 4 5 8
27 33 0.08699703216552734 3 3 4 7
27 31 0.358905553817749 4 3 5 9
27 35 0.35696840286254883 3 3 6 7
27 35 0.3185913562774658 4 3 6 7
27 32 0.3578500747680664 4 3 6 7
27 35 1.1211590766906738 4 3 4 8
27 31 0.09027457237243652 4 4 6 8
27 29 0.07948040962219238 4 4 8 12
27 27 0.05301380157470703 2 2 4 15
27 29 0.07806253433227539 3 3 6 10
27 31 0.8373076915740967 4 3 5 7
27 27 0.15842938423156738 4 4 8 12
27 32 0.09187698364257812 3 3 4 9
27 30 0.12200212478637695 3 3 6 9
28 31 0.08057761192321777 3 3 6 10
28 38 0.1393415927886963 4 4 5 6
28 32 0.09703564643859863 4 4 6 8
28 30 0.09312677383422852 4 4 4 10
28 38 3.7301759719848633 4 3 5 6
28 36 0.2703883647918701 3 3 4 6
28 31 0.1125648021697998 4 4 6 7
28 29 0.07615494728088379 3 3 6 12
28 29 0.14661526679992676 4 4 6 9
28 33 0.5857527256011963 4 3 6 8
28 30 4.638822317123413 6 5 6 9
28 32 0.1033022403717041 5 5 5 8
28 30 0.11309623718261719 4 4 6 8
28 35 0.38295769691467285 3 3 6 8
28 31 0.8389556407928467 5 4 6 8
28 38 32.284109592437744 5 4 5 8
28 36 0.10700821876525879 3 3 6 8
28 32 0.0755002498626709 2 2 4 11
28 34 0.46308207511901855 5 5 7 8
28 30 0.07070255279541016 3 3 6 10
28 29 0.10445928573608398 5 5 6 9
28 33 0.4733855724334717 4 3 6 7
28 41 9.959120273590088 4 3 5 7
28 36 0.11129951477050781 4 4 4 8
28 36 0.6263084411621094 4 4 5 7
28 30 0.07223129272460938 3 3 6 10
28 32 4.476914644241333 5 4 5 7
28 32 0.11487984657287598 4 4 8 9
28 34 0.08439016342163086 4 4 5 10
28 29 0.11224651336669922 4 3 5 14
28 35 0.10161113739013672 4 4 5 9
28 30 0.06546831130981445 3 3 6 12
28 36 0.14734125137329102 3 3 4 6
28 34 0.10233879089355469 4 4 6 8
28 37 0.3388328552246094 4 4 5 9
28 37 0.19377827644348145 3 3 4 9
28 32 0.08803272247314453 5 5 6 11
28 32 0.11983418464660645 5 5 6 8
28 29 0.08372735977172852 2 2 4 9
28 29 0.09502220153808594 3 2 4 11
28 35 0.14019298553466797 3 3 4 9
28 30 0.07322192192077637 3 3 5 10
28 33 0.09444403648376465 3 3 6 9
28 39 0.1353151798248291 4 4 4 7
28 33 0.11117267608642578 4 4 5 8
28 34 0.11844635009765625 4 4 5 10
28 32 0.09065818786621094 5 5 6 10
28 34 0.5038630962371826 4 4 6 8
28 36 0.5215132236480713 4 3 5 10
28 37 0.11944007873535156 5 5 6 7
28 35 0.09220051765441895 4 4 8 8
28 37 15.097189903259277 6 5 7 8
28 31 0.2437429428100586 4 3 7 10
28 31 0.08599591255187988 5 5 6 9
28 36 0.12698650360107422 4 4 5 7
28 39 8.856036186218262 4 3 5 7
28 49 25.67381191253662 4 3 4 7
28 29 0.07424092292785645 5 5 7 12
28 36 0.3968956470489502 4 3 5 7
28 40 0.5189499855041504 4 4 5 9
28 32 0.08991408348083496 3 3 5 9
28 36 5.775475025177002 5 4 6 8
28 32 0.8142828941345215 5 4 8 12
28 28 0.060300350189208984 2 2 4 13
28 33 2.5658371448516846 5 3 6 9
28 37 0.12455511093139648 4 4 5 9
28 33 0.15152621269226074 4 4 5 8
28 37 1.9362401962280273 4 3 5 8
28 35 21.95200777053833 5 4 8 9
28 33 0.4290275573730469 4 3 6 10
28 34 0.20342159271240234 3 3 5 10
28 36 0.1371173858642578 3 3 5 6
28 32 0.09056830406188965 3 3 6 9
28 36 1.5412499904632568 4 3 6 8
28 36 3.407299518585205 5 4 6 9
28 31 0.07782173156738281 3 3 5 12
28 33 0.12424921989440918 3 3 5 9
28 29 0.0760488510131836 3 3 6 9
28 31 1.6585438251495361 4 3 6 8
28 35 0.12477374076843262 3 3 5 8
28 35 2.14929461479187 4 4 6 8
29 36 0.10556602478027344 4 4 8 10
29 32 0.12676572799682617 4 4 6 8
29 39 9.816027879714966 4 3 5 7
29 33 4.040594577789307 5 4 6 9
29 29 0.09472036361694336 5 5 8 11
29 31 0.09272384643554688 4 4 8 10
29 30 0.1682898998260498 6 6 8 11
29 36 0.1255176067352295 4 4 4 8
29 29 0.08402228355407715 5 5 10 12
29 36 0.32433128356933594 4 4 5 7
29 35 0.11856627464294434 3 3 5 8
29 32 0.16303491592407227 4 3 6 12
29 35 0.0785212516784668 3 3 3 13
29 36 2.1248931884765625 4 3 5 6
29 34 20.560584545135498 5 4 7 9
29 33 0.09446072578430176 4 4 6 9
29 40 0.1435685157775879 3 3 4 7
29 31 0.06729936599731445 3 3 4 16
29 31 0.4266946315765381 4 3 6 8
29 41 0.19703030586242676 4 4 5 7
29 34 0.10908889770507812 4 4 6 8
29 34 0.14760708808898926 4 4 6 7
29 38 0.14356541633605957 4 4 5 7
29 34 0.11614465713500977 4 4 5 8
29 36 0.1346888542175293 4 4 5 7
29 40 1.4422869682312012 4 3 6 8
29 38 0.164201021194458 5 5 5 8
29 30 0.08126449584960938 3 3 6 13
29 43 0.1536705493927002 4 4 5 8
29 28 0.003275156021118164 3 3 6 13
29 32 0.0834496021270752 3 3 4 13
29 34 0.11639618873596191 4 4 8 8
29 35 0.13110089302062988 5 5 6 8
29 34 1.4877605438232422 4 3 5 7
29 35 0.1215677261352539 4 4 5 8
29 30 0.26131701469421387 4 4 6 10
29 33 0.2464759349822998 4 4 5 11
29 33 0.08434796333312988 4 4 8 12
29 32 0.09502887725830078 6 6 8 11
29 35 0.5779619216918945 4 4 6 8
29 40 11.831574440002441 4 3 5 7
29 34 0.9626712799072266 5 5 7 9
29 37 0.11651968955993652 4 4 5 9
29 35 0.09368586540222168 4 4 8 11
29 39 27.703277826309204 5 4 5 9
29 35 0.09485173225402832 4 4 6 11
29 39 0.17066049575805664 4 4 5 8
29 43 0.30168628692626953 3 3 5 6
29 35 1.2362501621246338 4 4 6 8
29 37 0.13936924934387207 4 4 6 8
29 30 0.08136892318725586 8 8 8 11
29 36 13.068613290786743 5 4 6 7
29 36 0.12889957427978516 5 5 6 7
29 35 0.13416528701782227 5 5 5 8
29 38 0.17278599739074707 4 4 5 7
29 34 3.816784143447876 5 4 8 10
29 34 0.22187542915344238 3 3 5 9
29 38 0.17312097549438477 4 4 5 7
29 36 0.11238241195678711 3 3 4 10
29 43 10.47531247138977 4 3 5 6
29 40 0.34276676177978516 4 4 5 7
29 40 7.18538498878479 4 3 5 7
29 33 0.19477415084838867 4 4 5 9
29 40 47.39611291885376 4 3 5 7
29 36 0.9364404678344727 4 3 6 7
29 37 4.666914701461792 4 3 6 7
29 38 0.1909809112548828 4 4 6 7
29 30 0.12424302101135254 3 3 6 8
29 35 0.13898706436157227 3 3 6 7
30 35 0.15853619575500488 5 5 5 8
30 34 0.1138007640838623 6 6 6 12
30 31 0.09297466278076172 4 4 5 12
30 34 0.09302401542663574 4 4 6 12
30 40 0.13584327697753906 4 4 5 9
30 39 0.16022300720214844 4 4 5 7
30 38 0.2815110683441162 3 2 4 12
30 39 6.440162897109985 4 3 4 7
30 35 1.119291067123413 5 4 7 8
30 36 8.157707214355469 5 4 6 8
30 34 0.2757878303527832 4 4 6 11
30 33 0.11515951156616211 4 4 5 9
30 40 0.15913820266723633 3 3 5 8
30 37 3.2336606979370117 4 3 7 8
30 39 8.973029136657715 4 3 6 8
30 44 1.4931941032409668 3 3 5 5
30 40 0.254866361618042 4 4 5 8
30 40 3.765104055404663 4 3 5 7
30 38 0.22024106979370117 4 4 8 9
30 32 0.11765360832214355 5 5 5 11
30 34 0.12272906303405762 4 4 5 9
30 32 0.12975239753723145 3 3 6 9
30 37 0.11452627182006836 3 3 6 11
30 41 0.20974993705749512 3 3 4 6
30 40 0.4730513095855713 3 3 4 8
30 33 1.6266179084777832 5 5 7 8
30 33 0.12346625328063965 6 6 7 10
30 31 0.10257792472839355 4 4 8 10
30 32 0.10525369644165039 6 6 7 11
30 36 0.18489694595336914 5 5 6 9
30 40 0.46399593353271484 3 3 6 7
30 33 2.8661930561065674 5 4 6 9
30 35 1.3360435962677002 4 4 6 6
30 37 0.13242864608764648 4 4 6 9
30 40 0.14777517318725586 4 4 5 10
30 35 0.11017751693725586 6 6 7 11
30 36 0.18885564804077148 4 4 6 7
30 33 0.08782768249511719 4 4 6 12
30 36 0.1907820701599121 4 4 6 11
30 38 0.13256549835205078 6 6 6 8
30 37 10.354920148849487 5 3 7 9
30 46 0.19179081916809082 3 3 5 6
30 38 0.2199416160583496 3 3 5 8
30 42 10.370131015777588 4 3 5 7
30 44 1.544036626815796 3 3 4 6
30 37 3.7425501346588135 4 4 6 9
30 45 0.19865059852600098 3 3 5 6
30 33 0.09103870391845703 4 4 5 14
30 33 0.09876108169555664 3 3 4 11
30 34 1.3566362857818604 4 4 6 11
30 37 0.47112607955932617 4 3 4 13
30 34 0.1768648624420166 4 4 6 8
30 38 5.403306245803833 4 4 6 9
30 41 2.767076253890991 4 3 5 6
30 35 0.14572405815124512 4 4 6 11
30 39 0.14384150505065918 3 3 6 8
30 39 1.1450543403625488 4 4 5 8
30 37 0.1303110122680664 4 4 6 9
30 36 3.1760380268096924 4 3 5 8
30 35 0.12612390518188477 3 3 5 10
30 32 5.4736387729644775 4 3 6 8
30 34 0.6941409111022949 4 4 6 8
31 34 0.14690256118774414 4 4 6 9
31 37 0.2939298152923584 4 4 5 10
31 36 0.11185932159423828 6 6 6 10
31 36 0.11209440231323242 6 6 6 10
31 36 0.1725330352783203 4 4 6 8
31 36 0.1163945198059082 6 6 6 10
31 37 0.6710481643676758 4 4 6 8
31 36 0.11897397041320801 6 6 6 10
31 36 0.11391925811767578 6 6 6 10
31 36 0.1170809268951416 6 6 6 10
31 36 0.152205228805542 6 6 6 10
31 37 0.11819863319396973 5 5 6 10
31 37 0.11834120750427246 6 6 6 10
31 36 0.11081767082214355 6 6 6 10
31 36 0.11053061485290527 6 6 6 10
31 36 0.6096220016479492 4 4 6 8
31 36 0.10946083068847656 6 6 6 10
31 37 0.11408448219299316 6 6 6 10
31 43 91.88911938667297 4 3 6 7
31 38 0.1475059986114502 5 5 6 10
31 37 3.0698747634887695 4 3 6 7
31 36 1.5472614765167236 4 4 6 8
31 37 0.18236112594604492 4 4 6 8
31 36 0.5344240665435791 4 4 6 8
31 37 0.18183493614196777 4 4 5 8
31 36 0.1689906120300293 4 4 6 8
31 36 0.11090302467346191 6 6 6 10
31 36 0.11387419700622559 6 6 6 10
31 35 0.10111379623413086 4 4 6 14
31 36 0.16971826553344727 4 4 6 8
31 36 0.1073606014251709 6 6 6 10
31 34 7.199330568313599 5 4 6 10
31 37 44.94841384887695 5 4 6 9
31 50 0.22677874565124512 3 3 5 7
31 36 0.15322208404541016 5 5 6 9
31 40 0.21004509925842285 4 4 5 8
31 38 1.9775948524475098 4 3 6 9
31 41 0.23258113861083984 4 4 6 8
31 37 0.16391539573669434 4 4 5 9
31 44 7.251288175582886 4 4 5 7
31 44 3.561946153640747 4 3 5 8
31 45 0.227583646774292 3 3 5 7
31 50 55.151994943618774 4 3 5 6
31 37 16.03737783432007 5 4 6 10
31 34 43.49731206893921 6 4 8 11
31 46 0.2164320945739746 3 3 4 7
31 40 0.7343652248382568 4 4 5 7
31 41 0.20099401473999023 3 3 4 7
31 40 0.15806102752685547 6 6 6 8
31 41 0.18665218353271484 4 4 5 8
31 39 0.14859580993652344 4 4 5 10
31 40 29.633460521697998 5 4 6 8
31 34 0.10225987434387207 4 4 6 12
31 40 4.73415994644165 5 4 6 8
31 40 0.2113208770751953 3 3 6 10
31 33 0.9776937961578369 5 4 6 12
31 38 0.14852476119995117 5 5 5 10
31 33 0.3123745918273926 5 5 8 10
31 39 0.18922710418701172 4 4 5 8
31 36 0.11093592643737793 5 5 7 14
31 40 0.19203853607177734 4 4 5 8
31 41 0.18660497665405273 4 4 6 7
31 37 1.1465892791748047 4 3 6 10
31 35 0.1333024501800537 6 6 6 11
31 37 0.0922553539276123 3 3 4 14
31 32 0.09040021896362305 3 3 6 14
31 40 0.2750251293182373 3 3 5 10
31 36 0.36850476264953613 3 3 6 9
31 43 1.0838572978973389 3 3 5 8
31 32 0.2508087158203125 4 3 7 14
31 40 0.939089298248291 3 2 4 7
31 36 0.1705474853515625 4 4 6 8
31 37 0.4547863006591797 5 5 6 10
31 32 1.3906826972961426 5 5 8 13
31 36 0.13800430297851562 4 4 6 14
31 39 0.1577749252319336 5 5 5 10
31 35 0.19009900093078613 3 3 6 8
31 35 3.2438838481903076 5 5 7 10
31 36 0.11999821662902832 6 6 6 10
31 36 0.16958355903625488 4 4 6 8
31 38 0.18010616302490234 4 4 6 7
31 36 0.1136317253112793 6 6 6 10
31 36 3.7545692920684814 4 4 6 8
31 41 0.31352663040161133 4 4 5 7
31 35 0.11215901374816895 6 6 6 12
32 32 0.0984337329864502 3 3 6 12
32 37 0.23708105087280273 4 4 6 7
32 38 8.52787733078003 6 5 8 9
32 38 0.2089378833770752 6 6 6 8
32 36 0.11570310592651367 5 5 6 12
32 38 7.1465349197387695 4 4 6 8
32 38 48.115684032440186 5 4 6 8
32 39 0.14438867568969727 6 6 7 10
32 33 0.10314345359802246 3 3 6 12
32 37 0.7720530033111572 4 4 6 7
32 40 0.39484333992004395 4 4 6 9
32 39 0.15775060653686523 6 6 6 10
32 40 0.1914682388305664 4 4 5 10
32 37 0.3928260803222656 4 4 7 12
32 37 0.18729066848754883 4 4 5 10
32 38 0.6056408882141113 4 4 6 7
32 35 0.14432787895202637 5 5 7 14
32 37 4.166032791137695 5 5 10 11
32 37 0.13989686965942383 5 5 7 10
32 38 0.1607532501220703 4 4 6 10
32 41 0.17807626724243164 6 6 6 9
32 40 0.1442575454711914 6 6 6 10
32 35 0.41439032554626465 5 4 6 13
32 39 5.73522424697876 5 5 7 8
32 35 0.18000316619873047 4 4 6 9
32 36 0.12530207633972168 6 6 7 10
32 35 0.1612381935119629 4 4 6 10
32 36 0.10871052742004395 4 4 5 12
32 41 0.28076982498168945 3 3 5 10
32 38 0.4146449565887451 4 4 6 7
32 38 0.1308000087738037 5 5 5 14
32 37 0.30410051345825195 4 4 6 7
32 38 4.637562274932861 4 3 6 9
32 40 0.22638607025146484 5 5 6 8
32 37 0.6004085540771484 5 4 8 13
32 33 0.12285566329956055 4 4 6 10
32 37 0.2500185966491699 4 4 6 7
32 36 0.13273334503173828 5 5 7 11
32 35 0.0958716869354248 4 4 6 14
32 33 0.10850095748901367 3 3 6 12
32 38 0.16056370735168457 5 5 6 9
32 38 0.29320788383483887 4 4 5 7
32 40 1.4507241249084473 4 4 6 8
32 38 0.2615652084350586 4 4 7 8
32 33 0.12778401374816895 3 3 6 12
32 38 8.475802659988403 6 4 9 13
32 36 1.376753568649292 4 4 6 8
32 32 0.10009050369262695 3 3 6 12
32 34 0.12254738807678223 4 4 6 12
32 37 0.19721078872680664 4 4 6 8
32 34 1.7895090579986572 5 5 6 11
32 37 0.18163442611694336 4 4 6 10
32 37 4.607104539871216 5 4 8 11
32 39 0.18699097633361816 4 4 5 9
32 41 0.26705312728881836 4 4 5 8
32 45 71.43453407287598 4 4 5 7
32 38 12.619858741760254 5 4 8 10
32 37 0.36474061012268066 4 4 6 10
32 50 0.240797758102417 4 4 5 9
32 45 0.24266266822814941 4 4 5 7
32 44 24.560197830200195 4 3 5 8
32 35 0.5552852153778076 5 4 7 12
32 42 1.8117649555206299 4 3 5 7
32 44 12.430478572845459 4 4 5 7
32 38 6.6759912967681885 5 4 6 11
32 41 11.61765170097351 5 4 6 7
32 42 0.19869136810302734 4 4 5 7
32 36 17.423251628875732 6 5 7 9
32 35 0.15498805046081543 5 5 6 10
32 39 0.7545497417449951 4 4 8 11
32 34 0.10694670677185059 6 6 8 13
32 43 0.1869058609008789 5 5 5 9
32 36 0.36751484870910645 4 4 6 9
32 42 0.15914130210876465 3 3 4 10
32 34 0.15413951873779297 5 5 7 11
32 37 2.675036668777466 6 5 10 12
32 34 1.6355278491973877 5 3 7 11
32 41 3.0249903202056885 4 3 6 10
32 41 35.21249771118164 5 4 6 7
32 34 0.25913071632385254 4 4 7 11
32 40 0.18935370445251465 4 4 6 9
32 39 0.18897461891174316 5 5 6 9
32 41 0.24230742454528809 4 4 5 7
32 38 1.44344162940979 4 3 6 9
32 41 2.1994495391845703 4 3 6 9
32 43 5.9270336627960205 4 3 6 10
32 47 28.54244613647461 4 3 5 6
32 38 0.6178839206695557 4 4 8 11
32 40 0.11782240867614746 4 4 6 12
32 46 0.19902539253234863 3 3 4 7
32 48 50.16160559654236 4 3 5 7
32 38 0.6206221580505371 4 4 5 10
32 48 0.2916982173919678 4 4 4 6
32 40 71.39200496673584 5 4 6 8
32 41 0.19573497772216797 4 4 5 8
32 38 0.1552891731262207 5 5 6 9
32 38 0.12754535675048828 7 7 7 10
32 37 0.14296436309814453 5 5 6 11
32 38 0.12985515594482422 5 5 7 12
32 37 0.13047289848327637 7 7 7 9
32 42 0.14716815948486328 4 4 8 9
32 37 13.46297001838684 5 5 10 12
32 36 0.17654061317443848 6 6 8 10
32 41 8.118422269821167 5 4 6 7
32 39 0.1777949333190918 6 6 6 8
32 35 4.523692846298218 6 5 8 11
32 38 0.1536099910736084 5 5 6 10
32 37 0.35443782806396484 4 4 6 8
32 36 0.14871668815612793 4 4 6 9
32 36 0.181318998336792 5 5 8 10
32 33 0.10272645950317383 3 3 6 12
32 43 105.21290254592896 4 3 5 8
32 40 0.22058320045471191 4 4 6 9
32 37 0.11210012435913086 4 4 7 11
32 33 0.11583709716796875 5 5 6 12
32 37 0.1891777515411377 4 4 6 7
32 36 0.12292361259460449 5 5 6 10
32 35 0.10632872581481934 6 6 6 12
32 37 0.24214839935302734 5 5 7 10
32 32 0.09070706367492676 3 3 6 12
32 37 0.14519596099853516 4 4 4 10
32 40 0.14733028411865234 4 4 6 8
32 34 0.38243627548217773 4 3 6 9
32 39 0.12383008003234863 4 4 7 14
32 37 0.21613502502441406 4 4 6 7
32 39 0.18058323860168457 6 6 6 9
32 37 0.16589021682739258 4 4 6 9
32 38 0.19365978240966797 4 4 6 7
32 37 0.1544349193572998 4 4 6 10
33 34 0.742222785949707 5 4 8 12
33 42 0.20488595962524414 4 4 5 8
33 33 0.1071467399597168 4 4 5 13
33 37 1.4799907207489014 6 6 8 10
33 36 0.16436982154846191 4 4 7 10
33 42 0.2133617401123047 4 4 5 8
33 37 0.12607431411743164 6 6 6 13
33 38 2.1711833477020264 5 5 6 10
33 43 6.476866722106934 4 4 5 7
33 38 0.1808793544769287 6 6 6 12
33 42 6.392893075942993 4 4 6 7
33 38 0.20018219947814941 4 4 6 8
33 39 3.453319787979126 4 3 6 7
33 41 3.270960807800293 3 3 5 7
33 37 0.3953847885131836 5 5 8 11
33 37 0.1278092861175537 6 6 6 13
33 42 0.20222830772399902 4 4 5 8
33 38 0.9723081588745117 6 6 7 10
33 38 0.1708660125732422 4 4 6 9
33 42 0.37955474853515625 4 4 5 8
33 42 0.3400413990020752 4 4 6 7
33 36 0.19544172286987305 4 4 6 10
33 38 0.11852812767028809 4 4 6 13
33 39 0.15081286430358887 4 4 6 9
33 33 0.13396239280700684 4 4 8 11
33 36 0.1739058494567871 4 4 8 9
33 42 0.585352897644043 4 4 5 8
33 42 0.5423226356506348 4 4 5 8
33 42 0.21464228630065918 4 4 5 8
33 42 0.3578014373779297 4 4 5 8
33 37 0.12404799461364746 6 6 6 13
33 42 0.2066667079925537 4 4 5 8
33 37 0.12820148468017578 6 6 6 13
33 46 0.30966973304748535 4 4 6 8
33 38 0.5121431350708008 5 5 7 9
33 38 0.1173560619354248 9 9 9 12
33 35 0.1162261962890625 3 3 6 15
33 38 0.21628308296203613 4 4 6 9
33 41 0.27077555656433105 4 4 6 7
33 44 2.4628236293792725 4 4 5 7
33 39 0.16290640830993652 6 6 6 11
33 33 0.14417314529418945 5 5 6 12
33 40 0.1952509880065918 5 5 6 10
33 38 0.11220598220825195 4 4 5 15
33 43 31.52675724029541 4 3 6 7
33 37 0.17123651504516602 4 4 6 11
33 39 0.1533043384552002 5 5 6 13
33 42 0.2309885025024414 4 4 5 8
33 37 0.1319866180419922 6 6 6 13
33 40 0.272874116897583 4 4 5 8
33 43 0.26996588706970215 4 4 5 7
33 40 0.22362613677978516 4 4 6 8
33 38 5.208777904510498 4 3 7 12
33 38 0.13595032691955566 6 6 6 13
33 44 0.23080801963806152 4 4 6 8
33 34 0.12640619277954102 3 3 6 12
33 42 0.21056032180786133 4 4 5 8
33 37 0.1330881118774414 6 6 6 13
33 42 0.3459467887878418 4 4 5 8
33 39 0.15173578262329102 6 6 6 11
33 43 0.23064112663269043 4 4 5 7
33 38 0.18601655960083008 4 4 6 9
33 37 0.1325223445892334 6 6 6 13
33 39 0.23221564292907715 4 4 6 8
33 41 0.17776989936828613 5 5 6 9
33 39 45.92499017715454 5 4 6 9
33 37 0.9432454109191895 4 3 6 10
33 55 0.30353808403015137 4 4 5 6
33 39 0.27381038665771484 4 4 6 11
33 43 0.6371874809265137 4 3 5 9
33 38 0.7384788990020752 4 3 7 10
33 34 0.2889273166656494 4 3 6 11
33 44 53.5203492641449 5 4 6 7
33 42 0.17380189895629883 3 3 6 10
