5 6 0.0008461475372314453 2 2 2 2
5 7 0.0007855892181396484 1 1 2 2
5 6 0.0007274150848388672 2 2 2 2
5 5 0.0007913112640380859 2 2 2 2
5 5 0.0007250308990478516 2 2 2 2
5 7 0.0007617473602294922 1 1 2 2
5 5 0.0007274150848388672 2 2 2 2
5 7 0.0007984638214111328 1 1 2 2
5 5 0.0007205009460449219 2 2 2 2
5 6 0.0007307529449462891 2 2 2 2
6 9 0.0011773109436035156 1 1 2 3
6 8 0.0010914802551269531 2 2 2 2
6 6 0.000978231430053711 3 3 3 3
6 8 0.0011305809020996094 2 2 2 3
6 7 0.0010209083557128906 2 2 2 3
6 8 0.0010766983032226562 2 2 2 3
6 7 0.0012879371643066406 2 2 2 3
6 9 0.001215219497680664 1 1 2 3
6 8 0.0011477470397949219 2 2 2 3
6 7 0.0010280609130859375 2 2 2 3
7 10 0.0018641948699951172 2 2 2 3
7 9 0.0014846324920654297 2 2 2 3
7 9 0.0015180110931396484 2 2 3 3
7 10 0.0014750957489013672 2 2 2 3
7 10 0.001468658447265625 2 2 2 3
7 9 0.0014405250549316406 2 2 2 3
7 10 0.0016529560089111328 2 2 2 3
7 9 0.0014584064483642578 2 2 2 3
7 8 0.0014328956604003906 3 3 3 3
7 9 0.0014896392822265625 2 2 2 3
8 11 0.0021920204162597656 2 2 2 3
8 12 0.0026063919067382812 2 2 2 3
8 12 0.0021734237670898438 2 2 2 4
8 12 0.0022161006927490234 2 2 2 3
8 9 0.0020079612731933594 2 2 2 4
8 11 0.00222015380859375 2 2 3 3
8 10 0.0021910667419433594 2 2 3 3
8 10 0.0020194053649902344 2 2 3 4
8 11 0.0020961761474609375 2 2 3 4
8 8 0.0018396377563476562 4 4 4 4
9 9 0.0023796558380126953 4 4 4 4
9 12 0.0026993751525878906 3 3 3 4
9 12 0.0030908584594726562 3 3 3 4
9 12 0.0027205944061279297 3 3 3 4
9 13 0.0028924942016601562 2 2 3 3
9 13 0.0028693675994873047 2 2 2 4
9 14 0.002955913543701172 2 2 3 3
9 11 0.002500295639038086 3 3 3 4
9 14 0.0030341148376464844 2 2 2 3
9 13 0.002887725830078125 2 2 2 4
10 16 0.0037946701049804688 2 2 2 4
10 15 0.004713773727416992 2 2 3 3
10 14 0.0037772655487060547 2 2 3 4
10 13 0.0037643909454345703 3 3 3 4
10 14 0.0035398006439208984 3 3 3 4
10 14 0.0033636093139648438 2 2 2 5
10 13 0.0032720565795898438 3 3 3 5
10 12 0.003299713134765625 3 3 3 5
10 17 0.005102634429931641 2 1 2 4
10 14 0.0037691593170166016 3 3 3 4
11 15 0.004839420318603516 2 2 3 4
11 18 0.0051653385162353516 2 2 3 4
11 16 0.0050847530364990234 2 2 3 4
11 15 0.00571441650390625 2 2 3 4
11 17 0.005216836929321289 2 2 3 4
11 16 0.004847288131713867 2 2 3 4
11 14 0.004828214645385742 3 3 4 4
11 15 0.0044422149658203125 3 3 3 5
11 15 0.0042569637298583984 3 3 3 5
11 15 0.005342006683349609 3 3 3 4
12 16 0.0065190792083740234 3 3 3 4
12 18 0.0061376094818115234 3 3 3 4
12 16 0.005994081497192383 2 2 3 4
12 16 0.006505727767944336 2 2 2 5
12 19 0.007582664489746094 2 2 3 4
12 19 0.006493568420410156 2 2 3 4
12 16 0.006249904632568359 3 3 4 4
12 19 0.008153915405273438 2 2 3 4
12 15 0.006645679473876953 3 3 4 5
12 16 0.005948781967163086 3 3 3 4
13 19 0.008148431777954102 2 2 4 4
13 18 0.008170843124389648 3 3 3 6
13 17 0.0070836544036865234 4 4 4 5
13 20 0.009794473648071289 3 2 3 5
13 21 0.009595155715942383 2 2 3 5
13 19 0.0076446533203125 2 2 3 5
13 19 0.0072214603424072266 3 3 3 6
13 19 0.012303590774536133 3 2 3 4
13 19 0.007681131362915039 3 3 3 5
13 16 0.006869077682495117 4 4 4 5
14 20 0.009643793106079102 3 3 4 5
14 21 0.010288715362548828 2 2 3 5
14 21 0.010150909423828125 2 2 3 5
14 19 0.009691476821899414 3 3 3 6
14 18 0.01020359992980957 3 3 4 5
14 22 0.012106657028198242 2 2 3 4
14 20 0.010463714599609375 3 3 3 5
14 22 0.017209291458129883 3 2 4 5
14 24 0.010596036911010742 2 2 3 5
14 21 0.014629125595092773 3 2 3 4
15 25 0.0168459415435791 3 2 4 5
15 22 0.012044191360473633 4 4 4 5
15 22 0.013151884078979492 2 2 3 5
15 21 0.01138162612915039 4 4 4 5
15 20 0.011690616607666016 3 3 3 5
15 22 0.011789798736572266 4 4 4 5
15 20 0.010548114776611328 4 4 4 6
15 21 0.012734174728393555 4 4 4 5
15 20 0.011830568313598633 3 3 3 6
15 20 0.011358022689819336 2 2 3 6
16 23 0.0156705379486084 3 3 3 6
16 21 0.013393163681030273 5 5 5 6
16 22 0.01374053955078125 3 3 3 6
16 21 0.01470494270324707 4 4 4 6
16 21 0.012495994567871094 4 4 4 7
16 22 0.014739513397216797 4 4 4 6
16 25 0.019612550735473633 3 2 3 6
16 22 0.015909910202026367 3 3 4 5
16 25 0.01808762550354004 2 2 3 4
16 23 0.014208078384399414 4 4 4 6
17 25 0.02190566062927246 3 3 3 5
17 29 0.029194116592407227 2 2 4 4
17 25 0.01609015464782715 4 4 4 7
17 22 0.015567779541015625 5 5 5 7
17 28 0.03188610076904297 3 2 3 5
17 26 0.025185346603393555 3 2 4 5
17 22 0.015023469924926758 3 3 3 7
17 23 0.01637125015258789 4 4 4 7
17 25 0.019123315811157227 3 3 4 5
17 22 0.017000436782836914 3 3 4 6
18 26 0.01888561248779297 4 4 4 7
18 25 0.019293785095214844 3 3 3 7
18 29 0.02155900001525879 2 2 3 7
18 28 0.028383493423461914 3 2 4 6
18 30 0.02511429786682129 2 2 3 5
18 26 0.020936250686645508 4 4 4 7
18 21 0.0171816349029541 4 4 5 7
18 27 0.030571937561035156 3 2 4 6
18 30 0.037789106369018555 3 2 4 5
18 29 0.027544736862182617 3 3 4 5
19 28 0.02524280548095703 3 3 4 6
19 30 0.028337478637695312 3 3 4 5
19 26 0.026100635528564453 4 4 4 7
19 27 0.02488541603088379 4 4 4 7
19 25 0.02509927749633789 4 4 5 6
19 31 0.047041893005371094 3 2 4 5
19 31 0.040787696838378906 3 2 4 6
19 29 0.034705162048339844 3 2 3 5
19 31 0.0411984920501709 3 2 4 5
19 29 0.03468441963195801 3 2 4 6
20 32 0.0737755298614502 3 2 4 6
20 31 0.02929210662841797 3 3 3 7
20 26 0.029013872146606445 4 4 4 7
20 33 0.03043222427368164 3 3 4 6
20 30 0.034345388412475586 3 3 4 5
20 30 0.03922700881958008 3 2 4 7
20 32 0.03174757957458496 3 3 4 6
20 28 0.024494409561157227 6 6 6 8
20 33 0.03900480270385742 3 2 4 6
20 31 0.03206682205200195 3 3 3 6
21 31 0.047705888748168945 4 4 5 6
21 33 0.040740013122558594 3 3 4 5
21 26 0.026182889938354492 7 7 7 9
21 31 0.04091811180114746 3 3 4 6
21 32 0.038996219635009766 3 3 3 7
21 29 0.032507896423339844 4 4 4 8
21 33 0.037131309509277344 3 3 4 6
21 31 0.03806662559509277 4 4 5 6
21 31 0.1795191764831543 4 3 4 7
21 30 0.03296470642089844 5 5 5 7
22 33 0.08321762084960938 4 4 5 7
22 33 0.04799056053161621 3 3 4 6
22 36 0.06481790542602539 3 2 4 6
22 33 0.04406237602233887 3 3 4 7
22 33 0.0390162467956543 3 3 4 8
22 33 0.042963266372680664 4 4 5 7
22 30 0.04082441329956055 4 4 5 7
22 29 0.03577756881713867 4 4 4 8
22 30 0.03178548812866211 6 6 6 8
22 32 0.040328025817871094 3 3 4 7
23 38 0.049686431884765625 2 2 4 7
23 36 0.050562143325805664 3 3 4 7
23 35 0.060208797454833984 3 2 4 6
23 34 0.05102229118347168 4 4 4 6
23 32 0.07398056983947754 3 3 5 6
23 31 0.05273270606994629 3 3 5 6
23 37 0.04753732681274414 2 2 4 8
23 32 0.043039798736572266 4 4 4 8
23 38 0.0583643913269043 3 2 4 7
23 38 0.05714845657348633 3 2 4 7
24 33 0.09430932998657227 3 3 5 6
24 36 0.06008625030517578 3 3 5 6
24 36 0.053801536560058594 3 3 4 8
24 33 0.05731964111328125 4 4 5 8
24 35 0.057683706283569336 3 3 5 7
24 38 0.0630338191986084 4 4 4 7
24 32 0.05323147773742676 3 3 5 8
24 38 0.06309270858764648 3 3 4 6
24 33 0.05790114402770996 3 3 5 6
24 33 0.05411577224731445 4 4 5 8
25 38 0.06801867485046387 4 4 5 6
25 39 0.06947183609008789 3 3 4 7
25 34 0.05444693565368652 5 5 6 8
25 41 0.07572412490844727 3 3 4 6
25 39 0.08269953727722168 3 2 4 6
25 38 0.06562066078186035 4 4 5 6
25 35 0.05115842819213867 7 7 7 9
25 38 0.06196951866149902 5 5 5 7
25 38 0.30579590797424316 4 3 5 7
25 41 0.06455111503601074 3 3 5 7
26 42 0.08490848541259766 3 3 6 6
26 39 0.07943177223205566 3 3 4 7
26 40 0.06987595558166504 3 3 4 7
26 40 0.06738805770874023 3 3 4 9
26 41 0.07166218757629395 5 5 5 7
26 41 0.24153590202331543 4 3 6 8
26 38 0.0781259536743164 3 2 4 9
26 38 0.19154810905456543 4 3 5 8
26 40 0.32294726371765137 4 3 5 6
26 39 0.0756680965423584 4 4 4 7
27 43 0.0900886058807373 4 4 5 7
27 39 0.0822744369506836 4 4 5 7
27 43 0.5346672534942627 4 3 5 6
27 41 0.10433077812194824 4 4 5 7
27 40 0.09242987632751465 3 3 4 7
27 41 0.07561540603637695 3 3 4 8
27 42 0.28189778327941895 4 2 4 8
27 43 0.1555027961730957 3 2 4 6
27 41 0.11604070663452148 3 2 5 7
27 42 0.07924723625183105 4 4 5 8
28 43 0.10731673240661621 3 3 4 6
28 43 0.2790257930755615 4 3 5 8
28 43 0.09194517135620117 3 3 4 8
28 37 0.06212329864501953 8 8 8 10
28 43 0.10157966613769531 3 3 4 8
28 47 0.13779377937316895 3 2 4 7
28 41 0.14246344566345215 3 3 5 7
28 42 0.09398078918457031 4 4 5 8
28 44 0.10663580894470215 3 2 4 7
28 41 0.09012603759765625 5 5 6 7
29 48 0.11377191543579102 3 3 5 7
29 46 0.24105119705200195 4 3 6 8
29 48 1.1942124366760254 4 2 5 6
29 43 0.386962890625 4 3 6 8
29 42 0.10073590278625488 3 3 4 8
29 45 0.15018582344055176 3 3 4 7
29 48 0.9771389961242676 4 3 5 7
29 45 0.18579578399658203 3 3 4 6
29 48 0.14532160758972168 3 2 4 7
29 43 0.09873318672180176 5 5 6 8
30 46 0.11928057670593262 3 3 4 8
30 46 0.11735701560974121 5 5 5 8
30 47 0.9058218002319336 4 3 5 6
30 46 0.14133620262145996 4 4 6 7
30 48 0.14957380294799805 3 3 4 9
30 48 0.13971853256225586 3 3 5 7
30 44 0.12949728965759277 4 4 5 8
30 45 0.12586140632629395 3 3 5 7
30 46 0.18334603309631348 3 3 4 7
30 46 1.4718844890594482 4 3 6 7
31 47 0.7928345203399658 4 3 6 9
31 51 0.2019336223602295 3 2 5 7
31 45 0.15483403205871582 4 4 4 8
31 49 0.23005986213684082 3 2 4 7
31 46 0.13435673713684082 5 5 6 8
31 45 0.11065936088562012 4 4 5 9
31 42 0.09847331047058105 6 6 6 11
31 47 0.11601376533508301 4 4 5 8
31 52 3.755765914916992 4 3 5 7
31 48 0.1441638469696045 3 3 4 8
32 52 0.784177303314209 3 3 5 7
32 51 0.13926100730895996 4 4 5 8
32 47 0.1537034511566162 3 3 4 9
32 44 0.12077140808105469 6 6 6 10
32 47 0.7846767902374268 4 3 6 8
32 47 0.6170227527618408 4 3 5 8
32 51 0.13478994369506836 4 4 4 8
32 50 1.0766782760620117 4 3 5 6
32 48 0.1308889389038086 5 5 5 8
32 48 0.14624905586242676 4 4 6 8
33 47 4.8265016078948975 5 4 6 9
33 51 0.43706679344177246 4 3 5 9
33 51 0.186126708984375 3 3 5 8
33 52 10.684930801391602 4 3 6 7
33 49 0.14355897903442383 6 6 7 10
33 58 4.089889764785767 3 3 5 6
33 50 0.15987229347229004 4 4 5 8
33 55 0.21344375610351562 3 3 5 8
33 50 0.5696570873260498 4 3 5 8
33 50 1.4098834991455078 5 4 6 9
34 50 0.5634112358093262 4 3 5 7
34 49 0.17209529876708984 6 6 7 9
34 54 2.205195903778076 4 3 6 7
34 50 0.1773076057434082 4 4 6 9
34 52 1.6256449222564697 4 3 5 8
34 54 0.4472498893737793 4 4 7 8
34 53 1.9658474922180176 4 3 6 8
34 53 1.0854158401489258 3 3 5 7
34 53 0.189605712890625 3 3 5 9
34 55 0.6265549659729004 4 3 5 7
35 52 0.22009634971618652 4 4 5 9
35 56 0.2519984245300293 5 5 6 8
35 55 0.6886775493621826 4 3 6 9
35 55 0.22620272636413574 6 6 7 9
35 55 0.334399938583374 3 2 4 8
35 52 0.20869755744934082 4 4 5 9
35 53 0.19556665420532227 3 3 6 9
35 56 0.23472356796264648 3 3 4 8
35 54 0.20360422134399414 3 3 4 10
35 54 0.24339771270751953 4 4 5 8
36 54 0.4297342300415039 4 3 6 9
36 53 0.2766914367675781 4 4 6 8
36 51 0.21862149238586426 5 5 6 10
36 54 2.4286739826202393 7 7 8 10
36 58 0.24946904182434082 4 4 5 8
36 54 0.28023409843444824 4 4 6 7
36 57 0.29384922981262207 4 4 5 8
36 58 1.298015832901001 4 3 5 8
36 52 0.17580080032348633 6 6 6 10
36 54 0.2587571144104004 4 4 6 9
37 56 0.24442100524902344 4 4 5 10
37 56 0.31455326080322266 6 6 7 10
37 61 0.20687365531921387 4 4 4 10
37 54 0.20091462135314941 6 6 7 11
37 55 0.22456717491149902 6 6 6 9
37 55 0.19758057594299316 6 6 7 10
37 56 17.048864364624023 4 4 6 8
37 56 1.4744491577148438 3 3 6 7
37 55 0.825049638748169 4 3 5 9
37 59 0.26897358894348145 5 5 6 9
38 57 0.3643505573272705 5 5 6 8
38 59 0.8280379772186279 6 6 7 9
38 58 25.769162893295288 5 4 6 9
38 57 0.2090311050415039 4 4 4 11
38 56 0.19664740562438965 7 7 7 10
38 55 14.653990745544434 5 5 7 11
38 57 0.3803844451904297 3 3 5 9
38 65 2.577850341796875 3 3 5 6
38 53 0.24767065048217773 5 5 6 11
38 64 0.476672887802124 3 2 5 7
39 60 4.371504306793213 4 3 6 7
39 58 6.950601100921631 5 5 7 10
39 58 0.4602847099304199 4 3 6 8
39 60 18.050078868865967 4 3 6 8
39 60 0.9026341438293457 3 3 5 6
39 61 0.3910486698150635 3 2 5 8
39 62 0.30347299575805664 4 4 5 9
39 58 13.973164796829224 5 4 6 9
39 56 0.23761892318725586 5 5 6 10
39 60 0.6222574710845947 4 4 5 9
40 60 3.6946868896484375 5 4 7 9
40 62 6.225319862365723 4 2 5 8
40 65 12.771387100219727 4 3 6 8
40 57 0.3177165985107422 5 5 6 8
40 60 0.2782120704650879 5 5 7 9
40 63 11.830586433410645 6 5 7 10
40 59 0.34272098541259766 4 4 6 9
40 56 0.2479104995727539 7 7 7 11
40 61 0.7320032119750977 4 3 6 9
40 60 0.28481245040893555 5 5 6 9
41 60 0.958444356918335 4 3 6 9
41 67 1.6021976470947266 4 3 6 8
41 67 23.72668957710266 4 3 5 9
41 68 5.393978118896484 4 4 6 8
41 65 0.33899474143981934 4 4 5 10
41 60 0.29194068908691406 4 4 6 11
41 70 0.39380979537963867 3 3 5 7
41 66 0.3179492950439453 3 3 4 10
41 67 7.552615642547607 5 3 7 10
41 65 12.482354402542114 4 3 6 7
42 67 3.346208095550537 4 3 6 9
42 65 1.6478137969970703 4 4 6 9
42 68 0.6541001796722412 4 4 6 8
42 65 0.32993412017822266 3 3 5 10
42 64 0.37700772285461426 5 5 6 8
42 56 0.22381854057312012 11 11 11 14
42 67 0.5353832244873047 4 4 6 9
42 69 1053.718459367752 5 3 6 8
42 61 0.3927586078643799 6 6 7 10
42 61 0.3190436363220215 6 6 6 9
43 68 206.8228006362915 5 3 6 8
43 72 2.8535373210906982 3 3 6 7
43 59 0.272932767868042 9 9 9 12
43 68 3.515251874923706 4 3 6 9
43 63 212.72363901138306 4 4 6 8
43 69 1.0065991878509521 3 3 5 8
43 72 7.9280829429626465 4 3 6 8
43 68 5.003122806549072 4 3 6 8
43 66 0.5183632373809814 7 7 8 11
43 67 7.232804298400879 5 5 7 9
44 69 2.659675121307373 3 3 6 6
44 64 0.37241387367248535 4 4 6 11
44 68 0.45134687423706055 4 4 6 10
44 65 42.684441566467285 5 4 7 10
44 63 2.6370837688446045 5 4 7 9
44 67 0.7990550994873047 4 4 6 9
44 66 2.600019931793213 4 4 6 8
44 66 62.47477984428406 5 4 7 9
44 67 0.8207757472991943 4 4 6 10
44 72 2.4051337242126465 4 3 5 10
45 69 16.52760338783264 5 4 7 9
45 66 0.4951670169830322 4 4 5 9
45 72 5.132070064544678 4 3 6 9
45 71 1.0931916236877441 4 3 7 9
45 72 11.638645648956299 4 3 6 8
45 67 0.4333376884460449 5 5 7 10
45 70 1.8487834930419922 4 3 6 10
45 63 0.369124174118042 6 6 6 11
45 72 1.4795212745666504 4 3 5 10
45 71 0.3638303279876709 7 7 7 12
46 77 4.376251220703125 4 3 6 8
46 72 537.1516966819763 4 3 6 7
46 78 0.5498759746551514 3 3 4 10
46 74 23.174318313598633 4 3 6 7
46 72 2.4123830795288086 4 3 6 10
46 75 0.6597878932952881 3 3 5 9
46 67 0.8768134117126465 4 4 6 10
46 75 20.635551691055298 4 3 6 8
46 72 0.4914426803588867 4 4 7 11
46 73 0.7342085838317871 4 4 6 8
