40 45 0.34274816513061523 4 4 7 11
10 10 0.0030410289764404297 2 2 4 6
10 9 0.0007081031799316406 2 2 4 6
10 10 0.002918243408203125 2 2 3 6
10 10 0.003402233123779297 2 2 3 6
10 9 0.0006866455078125 2 2 4 6
10 10 0.00301361083984375 2 2 3 6
10 10 0.0033578872680664062 2 2 3 6
10 9 0.0005986690521240234 2 2 4 6
10 9 0.0006577968597412109 2 2 4 4
10 10 0.0030069351196289062 2 2 3 6
10 10 0.0031321048736572266 2 2 3 6
10 15 0.004992961883544922 2 2 3 3
10 15 0.004373788833618164 2 2 3 3
10 9 0.0006823539733886719 1 1 2 7
10 14 0.00446319580078125 2 2 3 3
10 15 0.0045166015625 2 2 3 3
10 10 0.003021240234375 2 2 3 6
10 15 0.005344867706298828 2 2 3 3
10 15 0.004533529281616211 2 2 3 3
10 13 0.003813505172729492 2 2 3 4
10 15 0.004845619201660156 2 2 3 3
10 12 0.003177165985107422 2 2 3 5
10 15 0.004434823989868164 2 2 3 3
10 15 0.00495600700378418 2 2 3 3
10 15 0.004704475402832031 2 2 3 3
10 15 0.004479169845581055 2 2 3 3
10 10 0.003364086151123047 2 2 3 6
10 10 0.002869129180908203 2 2 3 6
10 12 0.0037775039672851562 2 2 3 4
10 16 0.0051767826080322266 2 2 3 3
10 11 0.0033483505249023438 3 3 3 5
10 10 0.003614664077758789 4 4 4 5
10 10 0.002732515335083008 2 2 2 7
10 11 0.0033020973205566406 2 2 2 6
10 10 0.002908468246459961 3 3 3 7
10 11 0.003352642059326172 2 2 3 5
10 12 0.003182649612426758 2 2 3 5
10 10 0.003364086151123047 3 3 3 5
10 10 0.00316619873046875 3 3 4 5
10 10 0.003061532974243164 2 2 3 6
10 10 0.0029404163360595703 2 2 3 6
10 11 0.0037641525268554688 3 3 3 4
10 9 0.0006210803985595703 2 2 4 6
10 10 0.003034353256225586 2 2 3 6
10 9 0.0006134510040283203 2 2 4 6
10 10 0.0033447742462158203 3 3 4 5
10 9 0.000644683837890625 2 2 4 6
10 10 0.003139019012451172 2 2 3 6
10 10 0.0030031204223632812 2 2 3 6
10 10 0.003007173538208008 2 2 3 6
10 10 0.0030546188354492188 2 2 3 6
10 10 0.003195524215698242 2 2 3 6
10 10 0.0035054683685302734 2 2 3 6
10 10 0.003083944320678711 2 2 3 6
10 10 0.0031273365020751953 2 2 3 6
10 9 0.0009834766387939453 2 2 4 6
10 10 0.003000974655151367 2 2 3 6
10 10 0.003313779830932617 2 2 3 6
10 9 0.0006265640258789062 2 2 4 6
10 9 0.0006191730499267578 2 2 4 6
10 10 0.003123760223388672 2 2 3 6
10 10 0.003576040267944336 2 2 3 6
10 10 0.0038018226623535156 2 2 3 6
10 10 0.003061056137084961 2 2 3 6
10 10 0.0028891563415527344 2 2 3 6
10 9 0.0006330013275146484 2 2 4 6
10 10 0.002971172332763672 2 2 3 6
10 10 0.003007173538208008 2 2 3 6
10 10 0.003030061721801758 2 2 3 6
10 10 0.003544330596923828 2 2 3 6
10 9 0.0005424022674560547 1 1 1 9
10 9 0.0006542205810546875 2 2 4 6
10 10 0.0028505325317382812 2 2 3 6
10 9 0.0006365776062011719 2 2 4 6
10 14 0.004147529602050781 2 2 2 4
10 10 0.003448963165283203 2 2 4 6
10 10 0.002916574478149414 2 2 3 6
10 10 0.0029287338256835938 2 2 3 6
10 10 0.0030295848846435547 2 2 3 6
11 12 0.005200386047363281 3 3 3 7
11 12 0.004018068313598633 3 3 3 6
11 11 0.0035631656646728516 1 1 2 7
11 12 0.004996299743652344 3 3 3 6
11 11 0.004311561584472656 2 2 3 6
11 11 0.0042002201080322266 3 3 4 5
11 13 0.005420207977294922 2 2 3 5
11 15 0.005101203918457031 1 1 2 3
11 12 0.004007577896118164 2 2 3 5
11 11 0.005172014236450195 3 3 3 6
11 11 0.003103017807006836 1 1 1 9
11 12 0.0045816898345947266 2 2 3 7
11 12 0.003999948501586914 3 3 3 6
11 10 0.0006334781646728516 1 1 1 10
11 17 0.006140947341918945 2 2 3 3
11 14 0.005260944366455078 2 2 3 4
11 11 0.004376649856567383 3 3 4 5
11 12 0.0044291019439697266 3 3 3 6
11 10 0.0006854534149169922 2 2 4 6
11 12 0.004849433898925781 3 3 3 5
11 12 0.00423884391784668 2 2 3 5
11 12 0.0044155120849609375 3 3 3 6
11 17 0.006612300872802734 2 2 2 4
11 12 0.00495147705078125 3 3 3 6
11 11 0.003948688507080078 2 2 4 6
11 12 0.004049539566040039 2 2 4 6
11 13 0.005238056182861328 3 3 3 5
11 15 0.0061190128326416016 2 2 3 3
11 11 0.004513740539550781 2 2 3 5
11 20 0.007490634918212891 2 2 3 3
11 15 0.005021810531616211 2 2 3 4
11 19 0.00568842887878418 2 2 3 4
11 17 0.007859468460083008 3 3 3 3
11 14 0.0047359466552734375 3 3 3 4
11 14 0.004850149154663086 2 2 3 4
11 17 0.008919477462768555 3 2 3 4
11 12 0.004126310348510742 3 3 3 6
11 15 0.005876779556274414 3 3 3 4
11 15 0.005273580551147461 2 2 3 4
11 17 0.006419181823730469 2 2 3 3
11 12 0.0044460296630859375 2 2 3 4
11 15 0.006333351135253906 2 2 3 3
11 17 0.0065195560455322266 2 2 3 3
11 19 0.006744861602783203 2 2 3 3
11 17 0.005997419357299805 2 2 3 3
11 14 0.004827260971069336 2 2 4 4
11 17 0.0069637298583984375 2 2 3 4
11 22 0.0069179534912109375 2 2 3 3
11 17 0.006994485855102539 2 2 3 3
11 18 0.006916046142578125 2 2 2 4
11 11 0.004402637481689453 2 2 3 6
11 15 0.0053212642669677734 2 2 3 4
11 17 0.005941867828369141 2 2 3 3
11 17 0.006117820739746094 2 2 2 4
11 16 0.006265163421630859 2 2 3 3
11 13 0.0055768489837646484 2 2 3 5
11 10 0.0007195472717285156 2 2 4 7
11 11 0.0034859180450439453 2 2 2 7
11 12 0.004547119140625 3 3 3 6
11 12 0.005167245864868164 3 2 5 6
11 12 0.0038957595825195312 2 2 3 6
11 18 0.007366657257080078 2 2 3 3
11 11 0.004131793975830078 3 3 4 6
11 10 0.0007309913635253906 2 2 4 6
11 11 0.003950834274291992 3 3 4 6
11 12 0.0042095184326171875 3 3 3 6
11 11 0.0035512447357177734 2 1 3 8
11 11 0.004047393798828125 2 2 4 6
11 11 0.00487971305847168 3 3 4 6
11 11 0.003874540328979492 3 3 3 6
11 10 0.0007681846618652344 1 1 2 9
11 11 0.003943920135498047 3 3 4 6
11 12 0.005289316177368164 2 2 4 4
11 11 0.004079341888427734 3 3 4 6
11 11 0.0040433406829833984 3 3 4 6
11 13 0.0044956207275390625 2 2 4 4
11 11 0.00398707389831543 3 3 4 6
11 11 0.003951311111450195 3 3 4 6
11 11 0.003650188446044922 1 1 2 6
11 12 0.004831552505493164 3 3 3 5
11 11 0.004927873611450195 3 3 4 6
11 11 0.003943681716918945 3 3 4 6
11 10 0.0007531642913818359 2 2 4 5
11 11 0.004024505615234375 3 3 4 6
11 11 0.0046062469482421875 3 3 4 6
11 12 0.004004955291748047 2 1 2 6
11 11 0.003935813903808594 3 3 4 6
11 11 0.0039098262786865234 3 3 4 6
11 10 0.0008630752563476562 2 2 4 8
11 13 0.0037851333618164062 1 1 2 6
11 11 0.003734111785888672 2 2 2 7
11 13 0.005107879638671875 2 2 3 5
11 15 0.00528264045715332 3 3 3 4
11 12 0.005180835723876953 3 3 3 6
11 13 0.005232810974121094 2 2 3 5
11 10 0.0010459423065185547 1 1 2 7
11 14 0.006926536560058594 3 2 3 5
11 11 0.004667997360229492 3 3 3 8
11 11 0.0037813186645507812 3 3 3 7
11 14 0.004547834396362305 2 2 2 5
11 11 0.005016326904296875 3 3 4 6
11 11 0.003638744354248047 2 2 3 7
11 11 0.003962278366088867 3 3 3 5
11 12 0.0042858123779296875 3 3 3 6
11 11 0.004583597183227539 2 2 2 6
11 11 0.003672361373901367 2 2 2 8
11 16 0.0048847198486328125 1 1 2 4
11 11 0.0036706924438476562 2 2 3 7
11 10 0.0007498264312744141 2 2 4 7
11 11 0.003815174102783203 2 2 4 6
11 17 0.006725788116455078 2 2 2 4
11 12 0.0030901432037353516 2 2 2 8
11 11 0.0035827159881591797 2 2 2 8
11 10 0.0008044242858886719 1 1 2 7
11 12 0.004376888275146484 3 3 3 6
11 12 0.004534006118774414 2 2 3 5
11 13 0.004752397537231445 3 3 4 5
11 13 0.0067594051361083984 3 2 3 5
11 12 0.00434422492980957 3 3 4 5
11 11 0.004580259323120117 2 2 3 6
11 12 0.004302024841308594 2 2 4 5
11 11 0.003323793411254883 1 1 2 8
11 13 0.0039675235748291016 2 2 2 7
11 10 0.0007348060607910156 1 1 2 8
11 10 0.0006740093231201172 2 2 4 6
11 11 0.0035490989685058594 2 2 4 7
11 13 0.004744291305541992 3 3 3 4
11 12 0.004741668701171875 3 3 3 6
12 12 0.0043468475341796875 2 2 2 8
12 11 0.001191854476928711 1 1 2 8
12 11 0.0007388591766357422 1 1 2 9
12 11 0.0008437633514404297 1 1 2 8
12 11 0.0007984638214111328 1 1 2 8
12 11 0.0007860660552978516 2 2 4 6
12 15 0.007015705108642578 2 2 4 4
12 16 0.0072705745697021484 2 2 3 5
12 13 0.006537437438964844 3 3 3 5
12 18 0.007284641265869141 2 2 3 5
12 21 0.008980512619018555 2 2 3 3
12 15 0.006638526916503906 2 2 3 5
12 18 0.007848978042602539 2 2 3 4
12 21 0.009380578994750977 2 2 3 3
12 17 0.008202552795410156 2 2 3 4
12 19 0.010327816009521484 3 2 3 4
12 15 0.006425619125366211 2 2 2 5
12 14 0.006178140640258789 3 3 4 4
12 13 0.0052678585052490234 3 3 3 6
12 15 0.0064563751220703125 2 2 3 5
12 15 0.008158206939697266 3 2 3 5
12 14 0.007552146911621094 3 3 4 5
12 12 0.009745121002197266 4 3 6 6
12 16 0.00691986083984375 3 3 4 4
12 13 0.0062410831451416016 2 2 3 6
12 15 0.006394624710083008 2 2 3 4
12 18 0.008788347244262695 2 2 3 4
12 11 0.0008332729339599609 2 2 4 8
12 13 0.004959821701049805 4 4 4 5
12 19 0.010548591613769531 2 2 3 4
12 14 0.0055239200592041016 2 2 2 6
12 15 0.006163597106933594 2 2 3 6
12 18 0.006330251693725586 2 2 3 5
12 14 0.00684666633605957 3 3 4 5
12 15 0.00990748405456543 3 2 4 5
12 12 0.004866123199462891 3 3 3 7
12 14 0.006366252899169922 3 3 3 6
12 17 0.008376121520996094 2 2 3 3
12 15 0.005652189254760742 2 2 3 5
12 12 0.005499362945556641 2 2 4 5
12 18 0.0076656341552734375 2 2 3 3
12 12 0.005178689956665039 3 3 4 5
12 13 0.005355119705200195 2 2 4 6
12 18 0.008173465728759766 2 2 3 3
12 14 0.006262302398681641 2 2 4 5
12 14 0.005902767181396484 3 3 3 6
12 11 0.001013040542602539 2 2 4 8
12 11 0.0011293888092041016 2 2 4 8
12 11 0.0007860660552978516 1 1 2 8
12 16 0.0060307979583740234 2 2 3 5
12 15 0.006330728530883789 2 2 3 6
12 13 0.005308628082275391 2 2 4 6
12 13 0.004496335983276367 2 2 4 7
12 12 0.005112409591674805 2 2 4 6
12 13 0.005744457244873047 3 3 4 6
12 14 0.007133960723876953 3 3 3 6
12 12 0.005529642105102539 3 3 4 6
12 14 0.005855083465576172 3 3 3 5
12 16 0.007169961929321289 2 2 3 4
12 11 0.0008308887481689453 1 1 2 10
12 14 0.005789279937744141 3 3 3 6
12 17 0.007063388824462891 3 3 3 4
12 16 0.006730318069458008 2 2 3 4
12 14 0.006418466567993164 3 3 3 6
12 13 0.005643129348754883 3 3 4 5
12 12 0.005330324172973633 3 3 4 6
12 14 0.0057525634765625 3 3 3 6
12 11 0.0010373592376708984 2 2 4 7
12 13 0.006187915802001953 4 4 4 5
12 12 0.00446629524230957 2 2 3 8
12 12 0.005268096923828125 3 3 4 7
12 14 0.006382942199707031 3 3 4 5
12 13 0.005070924758911133 2 2 3 7
12 11 0.0008192062377929688 1 1 2 8
12 13 0.006083011627197266 2 2 3 6
12 13 0.0054204463958740234 4 4 4 5
12 12 0.005220651626586914 2 2 3 6
12 11 0.0009701251983642578 1 1 2 8
12 15 0.006420135498046875 3 3 4 4
12 11 0.000835418701171875 2 2 4 8
12 11 0.0008230209350585938 1 1 2 8
12 12 0.009333133697509766 4 3 6 6
12 16 0.007468461990356445 2 2 2 5
12 15 0.006277561187744141 2 2 4 4
12 15 0.007469892501831055 3 3 3 6
12 14 0.005520820617675781 3 3 3 5
12 12 0.004752159118652344 2 2 4 6
12 11 0.0008575916290283203 2 2 4 6
12 13 0.005009174346923828 2 2 4 7
12 11 0.0008373260498046875 1 1 2 8
12 11 0.0008859634399414062 2 2 4 8
12 19 0.008120059967041016 2 2 2 4
12 14 0.005054950714111328 2 2 2 6
12 13 0.004945039749145508 3 3 3 6
12 15 0.006516933441162109 2 2 3 4
12 11 0.0008561611175537109 2 2 4 8
12 12 0.006011247634887695 2 2 4 6
12 12 0.009380578994750977 4 3 6 6
12 17 0.0077970027923583984 2 2 3 4
12 14 0.0056226253509521484 2 2 2 6
12 11 0.0008177757263183594 2 2 4 8
12 12 0.010255813598632812 4 3 6 6
12 14 0.006218910217285156 3 3 4 4
12 12 0.005498170852661133 2 2 4 6
12 12 0.005720376968383789 2 2 2 6
12 17 0.007761240005493164 2 2 3 4
12 12 0.004275083541870117 3 3 3 8
12 18 0.00886988639831543 2 2 3 3
12 14 0.004466056823730469 1 1 2 8
12 13 0.0049474239349365234 3 3 3 8
12 13 0.005049228668212891 2 2 4 6
12 15 0.005935192108154297 2 2 3 6
12 13 0.006090641021728516 2 2 4 7
12 11 0.0011911392211914062 2 2 4 6
12 11 0.0008118152618408203 2 2 4 8
12 12 0.005112171173095703 3 3 4 6
12 12 0.010657787322998047 4 3 6 6
12 14 0.005369663238525391 4 4 4 6
12 12 0.009714841842651367 4 3 6 6
12 11 0.0008301734924316406 1 1 2 8
12 12 0.009883642196655273 4 3 6 6
12 11 0.0008521080017089844 2 2 4 6
12 12 0.004683732986450195 1 1 2 7
12 13 0.006711244583129883 3 3 4 5
12 18 0.0066394805908203125 2 2 3 4
12 13 0.005021095275878906 3 3 3 6
12 11 0.0009882450103759766 2 2 4 7
12 12 0.004866123199462891 2 2 2 7
12 11 0.0008339881896972656 2 2 4 8
12 12 0.005073070526123047 3 3 4 7
12 13 0.0052547454833984375 4 4 4 7
12 11 0.0008065700531005859 2 2 4 8
12 12 0.010300874710083008 4 3 6 6
12 11 0.0008022785186767578 2 2 4 8
12 14 0.00690460205078125 2 2 3 6
12 13 0.005774021148681641 3 3 3 6
12 14 0.005095481872558594 2 2 3 7
12 11 0.0009760856628417969 1 1 2 8
12 12 0.009670495986938477 4 3 6 6
12 11 0.0008096694946289062 2 2 4 8
12 11 0.0007562637329101562 1 1 1 11
12 12 0.005474567413330078 2 2 4 6
12 16 0.005744457244873047 2 2 2 6
12 11 0.0008966922760009766 1 1 2 8
13 13 0.0063610076904296875 2 2 4 8
13 17 0.009659051895141602 3 3 3 5
13 19 0.009455204010009766 3 3 3 4
13 16 0.008243083953857422 3 3 4 5
13 19 0.009694814682006836 2 2 3 4
13 21 0.012084484100341797 2 2 3 3
13 18 0.00973057746887207 3 3 3 4
13 16 0.00912332534790039 2 2 3 4
13 15 0.008615493774414062 3 3 4 5
13 15 0.007723093032836914 3 3 4 6
13 16 0.008395195007324219 2 2 4 5
13 14 0.006845235824584961 2 2 4 8
13 18 0.008432388305664062 2 2 3 5
13 17 0.011964559555053711 3 3 4 4
13 13 0.0077972412109375 3 2 5 6
13 17 0.010792016983032227 3 2 3 4
13 18 0.009156465530395508 2 2 3 5
13 19 0.012047529220581055 2 2 4 5
13 16 0.009097576141357422 2 2 3 5
13 14 0.007095813751220703 2 2 3 7
13 14 0.006694316864013672 2 2 3 7
13 20 0.010460853576660156 2 2 3 3
13 25 0.011711359024047852 2 2 3 3
13 18 0.010641098022460938 3 3 3 4
13 14 0.009163379669189453 3 2 4 8
13 16 0.007637739181518555 3 3 4 6
13 13 0.0054721832275390625 2 2 3 8
13 13 0.006647348403930664 2 2 4 7
13 13 0.00666046142578125 5 5 5 6
13 18 0.009994745254516602 2 2 3 4
13 13 0.007304191589355469 3 3 4 6
13 12 0.0009446144104003906 2 2 4 9
13 13 0.01121068000793457 3 2 4 6
13 14 0.006986141204833984 2 2 4 5
13 19 0.008849143981933594 2 2 3 5
13 14 0.006700992584228516 3 3 4 7
13 14 0.0065975189208984375 3 3 4 7
13 13 0.0053522586822509766 2 2 3 8
13 15 0.008474349975585938 3 3 3 6
13 14 0.00719904899597168 3 2 4 8
13 12 0.0009260177612304688 1 1 2 9
13 16 0.013124227523803711 3 2 4 5
13 14 0.0055730342864990234 3 3 3 9
13 13 0.006604194641113281 2 2 4 6
13 17 0.009231090545654297 3 3 4 4
13 13 0.005559206008911133 2 2 3 8
13 19 0.01020193099975586 2 2 3 4
13 13 0.0060901641845703125 3 3 3 9
13 14 0.008270025253295898 3 3 3 6
13 15 0.0068132877349853516 3 3 3 7
13 15 0.008962392807006836 2 2 4 5
13 13 0.0072193145751953125 2 2 4 6
13 13 0.005804538726806641 2 2 3 8
13 14 0.0064160823822021484 3 3 3 8
13 12 0.0009548664093017578 1 1 2 10
13 17 0.008032798767089844 2 2 3 5
13 16 0.011293172836303711 3 3 3 5
13 17 0.010127544403076172 3 3 3 5
13 18 0.008253097534179688 3 3 3 5
13 16 0.00711822509765625 2 2 3 7
13 14 0.006199836730957031 1 1 2 8
13 17 0.008716344833374023 3 3 3 5
13 15 0.007851600646972656 3 3 4 5
13 13 0.00767207145690918 3 3 3 6
13 14 0.008302450180053711 2 2 3 6
13 15 0.0070841312408447266 3 3 3 7
13 14 0.007932424545288086 3 3 4 6
13 13 0.005884647369384766 2 2 3 8
13 16 0.010254859924316406 3 3 4 4
13 16 0.008509635925292969 3 3 4 5
13 15 0.007968902587890625 2 2 3 5
13 12 0.0009450912475585938 2 2 4 8
13 14 0.007730960845947266 2 2 4 5
13 15 0.006655693054199219 2 2 4 6
13 13 0.005896806716918945 3 3 3 9
13 14 0.007437705993652344 2 2 3 6
13 21 0.01038670539855957 3 3 3 4
13 14 0.0070226192474365234 2 2 4 6
13 19 0.011300802230834961 2 2 3 5
13 12 0.0013015270233154297 1 1 2 10
13 14 0.007198810577392578 3 3 4 6
13 15 0.006543636322021484 2 2 3 7
13 13 0.0068798065185546875 2 2 4 6
13 14 0.00741887092590332 3 3 4 6
13 19 0.008663415908813477 2 2 4 4
13 16 0.015310287475585938 3 3 3 6
13 15 0.009310245513916016 3 3 4 4
13 16 0.008755922317504883 4 4 4 5
13 13 0.00653529167175293 4 4 4 6
13 13 0.006036520004272461 1 1 2 7
13 18 0.009303092956542969 3 3 3 4
13 15 0.014365434646606445 3 3 4 5
13 12 0.0008976459503173828 2 2 4 7
13 15 0.008839607238769531 3 3 3 5
13 14 0.006792306900024414 5 5 5 7
13 15 0.009212732315063477 3 3 4 5
13 14 0.007317304611206055 3 3 4 7
13 15 0.009018182754516602 3 3 4 5
13 13 0.006387472152709961 3 3 4 7
13 18 0.011862754821777344 2 2 4 4
13 16 0.006908416748046875 2 2 3 7
13 16 0.008288860321044922 3 3 4 6
13 12 0.000926971435546875 3 3 6 8
13 12 0.0009064674377441406 2 2 4 7
13 16 0.007564067840576172 3 3 3 6
13 14 0.0066051483154296875 4 4 4 7
13 12 0.0008566379547119141 2 2 4 7
13 13 0.006498575210571289 2 2 4 6
13 12 0.0015184879302978516 3 3 6 9
13 15 0.008762121200561523 3 3 4 6
13 19 0.010715484619140625 3 3 4 4
13 14 0.007497072219848633 3 3 3 6
13 15 0.007497072219848633 3 3 4 6
13 12 0.0009508132934570312 2 2 4 8
13 18 0.010262489318847656 2 2 3 5
13 15 0.014124393463134766 3 3 4 5
13 12 0.0009119510650634766 1 1 2 9
13 16 0.008635282516479492 2 2 4 6
13 17 0.008857488632202148 3 3 3 5
13 12 0.0012905597686767578 2 2 4 10
13 20 0.010293960571289062 2 2 3 4
13 13 0.00540471076965332 3 3 3 9
13 15 0.006805419921875 2 2 2 6
13 15 0.009350299835205078 3 3 3 5
13 15 0.0067980289459228516 2 2 4 6
13 13 0.0064220428466796875 3 2 4 8
13 19 0.009173154830932617 2 2 3 4
13 14 0.006716012954711914 4 4 4 7
13 15 0.007774829864501953 3 3 4 5
13 14 0.005896091461181641 2 2 2 7
13 14 0.006526947021484375 3 3 3 8
13 13 0.006857395172119141 3 3 4 6
13 15 0.006517648696899414 2 2 3 6
13 15 0.005989551544189453 2 2 4 7
13 14 0.006827831268310547 2 2 3 7
13 15 0.00835418701171875 3 3 3 6
13 13 0.006072998046875 2 2 4 7
13 22 0.013030767440795898 2 2 3 3
13 19 0.0087127685546875 2 2 3 5
13 14 0.009467363357543945 2 2 4 5
13 17 0.009720802307128906 3 3 3 4
13 14 0.005656003952026367 2 2 4 8
13 16 0.008002519607543945 3 3 3 5
13 15 0.008115530014038086 2 2 3 6
13 16 0.00753331184387207 3 3 3 7
13 13 0.005982875823974609 3 3 4 8
13 15 0.008902311325073242 3 3 4 5
13 19 0.008396387100219727 2 2 3 5
13 15 0.006989002227783203 3 3 3 6
13 18 0.008108377456665039 1 1 2 5
13 12 0.0010995864868164062 3 3 6 8
13 16 0.0068700313568115234 2 2 3 8
13 16 0.009510278701782227 3 3 3 5
13 13 0.006182670593261719 3 3 4 8
13 21 0.010160446166992188 2 2 3 4
13 21 0.014592409133911133 2 2 4 4
13 14 0.005837917327880859 2 2 4 8
13 13 0.007809638977050781 4 4 4 6
13 14 0.008177757263183594 3 3 4 5
13 16 0.00757598876953125 3 3 3 7
13 13 0.0059413909912109375 3 3 6 8
14 20 0.012851715087890625 2 2 3 4
14 18 0.011908292770385742 3 2 3 7
14 14 0.00929570198059082 2 2 4 6
14 21 0.014335870742797852 2 2 3 4
14 18 0.009877204895019531 2 2 3 6
14 13 0.000989675521850586 2 2 4 8
14 15 0.008441686630249023 4 4 4 7
14 13 0.0010519027709960938 2 2 4 8
14 18 0.010684490203857422 2 2 3 5
14 19 0.009858369827270508 3 3 4 6
14 15 0.009773015975952148 2 2 3 7
14 19 0.012805938720703125 2 2 3 5
14 16 0.008656024932861328 3 3 4 7
14 14 0.007203817367553711 1 1 2 10
14 15 0.0105743408203125 3 3 5 7
14 16 0.008954763412475586 2 2 4 8
14 15 0.009649276733398438 3 3 3 7
14 20 0.009446382522583008 3 3 3 6
14 14 0.009601116180419922 4 4 4 6
14 20 0.01037287712097168 2 2 3 7
14 14 0.006175041198730469 2 2 2 10
14 21 0.010473251342773438 3 3 3 6
14 16 0.009734869003295898 4 4 4 7
14 14 0.009567737579345703 4 4 4 6
14 18 0.009851932525634766 2 2 4 6
14 25 0.019979476928710938 2 2 3 3
14 14 0.008896112442016602 4 4 4 6
14 19 0.011154413223266602 2 2 3 5
14 15 0.010338306427001953 3 3 4 7
14 14 0.01463937759399414 3 2 5 7
14 16 0.009861946105957031 3 3 3 6
14 18 0.011493921279907227 2 2 3 5
14 17 0.011224031448364258 3 3 3 5
14 19 0.01178741455078125 3 3 3 5
14 16 0.009217977523803711 2 2 4 7
14 14 0.008827447891235352 3 3 4 5
14 19 0.012537956237792969 2 2 3 5
14 16 0.008740901947021484 2 2 3 6
14 14 0.006957054138183594 2 2 4 8
14 16 0.0113525390625 3 3 4 5
14 15 0.010879039764404297 4 4 4 6
14 14 0.007805585861206055 3 3 6 7
14 19 0.011138439178466797 2 2 3 5
14 19 0.012240171432495117 3 3 3 5
14 16 0.00970149040222168 4 4 4 6
14 13 0.0011284351348876953 1 1 2 11
14 15 0.01131129264831543 3 3 4 6
14 17 0.014138221740722656 3 3 4 5
14 14 0.007676839828491211 2 2 4 7
14 16 0.008598089218139648 2 2 3 7
14 18 0.010428428649902344 3 3 3 6
14 17 0.009679079055786133 2 2 3 7
14 16 0.009126901626586914 4 4 4 6
14 15 0.00926971435546875 4 4 5 6
14 18 0.010000944137573242 3 3 3 6
14 14 0.00745391845703125 2 2 2 9
14 14 0.0074062347412109375 1 1 2 8
14 13 0.0014417171478271484 3 3 6 7
14 16 0.009164094924926758 3 3 3 6
14 15 0.013322830200195312 3 2 4 6
14 15 0.008514881134033203 2 2 3 7
14 21 0.012184381484985352 2 2 3 5
14 16 0.010086774826049805 3 3 4 6
14 18 0.010345697402954102 3 3 3 5
14 18 0.012723445892333984 3 3 3 5
14 17 0.04351663589477539 4 3 4 5
14 16 0.010694026947021484 3 3 4 6
14 14 0.006939411163330078 3 3 3 10
14 15 0.01004481315612793 3 3 4 6
14 15 0.008394241333007812 2 2 4 6
14 17 0.010042905807495117 2 2 3 8
14 15 0.01012563705444336 2 2 4 7
14 13 0.0012879371643066406 3 3 6 8
14 18 0.009154081344604492 2 2 4 6
14 19 0.011091947555541992 2 2 2 6
14 13 0.001177072525024414 2 2 4 8
14 17 0.00894474983215332 2 2 3 7
14 16 0.009892702102661133 3 3 3 7
14 23 0.024783611297607422 2 2 3 4
14 14 0.00714111328125 4 4 4 9
14 15 0.009947538375854492 3 3 4 5
14 17 0.010557174682617188 3 3 3 7
14 15 0.007992744445800781 2 2 4 6
14 13 0.001856088638305664 2 2 4 8
14 18 0.022207021713256836 3 2 3 5
14 14 0.009066104888916016 2 1 3 7
14 15 0.007039546966552734 2 2 3 8
14 16 0.010058403015136719 3 3 4 5
14 19 0.010906696319580078 2 2 4 6
14 17 0.015885353088378906 3 3 4 5
14 17 0.01598072052001953 3 2 4 6
14 18 0.01629185676574707 3 2 4 5
14 14 0.007887125015258789 5 5 5 7
14 16 0.012520790100097656 3 3 5 5
14 16 0.009819507598876953 3 3 3 6
14 15 0.009385347366333008 4 4 4 6
14 14 0.007057666778564453 2 2 4 9
14 18 0.011245012283325195 3 3 3 5
14 22 0.016692161560058594 2 2 3 5
14 14 0.00973200798034668 2 2 4 5
14 16 0.010046720504760742 3 3 3 5
14 16 0.00852060317993164 2 2 3 6
14 19 0.024754047393798828 3 2 4 5
14 15 0.008963346481323242 3 3 4 5
14 13 0.0012352466583251953 2 2 4 8
14 13 0.0009953975677490234 2 2 4 8
14 21 0.012292146682739258 2 2 3 4
14 13 0.00101470947265625 2 2 4 8
14 14 0.008267879486083984 3 3 6 7
14 19 0.010003089904785156 4 4 4 5
14 13 0.001310586929321289 3 3 6 9
14 17 0.010714292526245117 2 2 4 6
14 15 0.00830388069152832 2 2 4 6
14 16 0.0101318359375 3 3 4 6
14 14 0.008169889450073242 3 3 6 6
14 16 0.00881648063659668 3 3 5 7
14 13 0.0010528564453125 2 2 4 8
14 17 0.011682748794555664 3 3 3 4
14 14 0.00812077522277832 2 2 4 7
14 15 0.008152246475219727 2 1 2 8
14 22 0.01507425308227539 2 2 3 3
14 15 0.00757908821105957 2 2 3 8
14 14 0.006993532180786133 1 1 2 9
14 22 0.017106294631958008 2 2 3 4
14 18 0.009469985961914062 3 3 4 6
14 14 0.008274078369140625 4 4 4 7
14 16 0.00923466682434082 3 3 4 6
14 15 0.006577491760253906 2 2 4 9
14 17 0.012869834899902344 3 3 4 6
14 17 0.009842872619628906 2 2 4 6
14 20 0.010821342468261719 2 2 3 5
14 15 0.007559776306152344 2 2 3 7
14 17 0.03224611282348633 4 2 4 6
14 25 0.014439105987548828 2 2 3 3
14 13 0.0010211467742919922 2 2 4 8
14 17 0.009592771530151367 3 3 3 5
14 15 0.00834345817565918 2 2 3 7
14 22 0.012302398681640625 3 3 3 4
14 13 0.001068115234375 2 2 4 9
14 13 0.0009684562683105469 2 2 4 8
14 20 0.015205860137939453 2 2 3 4
14 13 0.001070261001586914 2 2 4 8
14 16 0.01120901107788086 3 3 4 6
14 15 0.008625507354736328 2 2 3 8
14 15 0.007955789566040039 3 3 3 8
14 18 0.010252714157104492 3 3 4 6
14 14 0.008742809295654297 2 2 4 6
14 14 0.008571624755859375 3 3 4 6
14 13 0.0010857582092285156 2 2 4 9
14 14 0.008555889129638672 2 2 3 6
14 20 0.012353181838989258 2 2 3 4
14 19 0.011885404586791992 2 2 3 5
14 15 0.007750749588012695 2 2 4 8
14 20 0.01249384880065918 2 2 3 5
14 17 0.008552312850952148 2 2 3 7
14 14 0.006438732147216797 1 1 2 11
14 17 0.00948643684387207 4 4 5 6
14 13 0.0017545223236083984 2 2 4 7
14 14 0.00738978385925293 2 2 2 9
14 17 0.010065793991088867 3 3 4 5
14 15 0.008982658386230469 2 2 4 5
14 15 0.011748075485229492 3 2 4 5
14 13 0.0017042160034179688 2 2 4 8
14 19 0.012111663818359375 3 3 3 5
14 17 0.010203838348388672 2 2 3 6
14 13 0.0010731220245361328 2 2 4 8
14 15 0.009065389633178711 2 2 4 6
14 13 0.001096963882446289 2 2 4 8
14 13 0.0011053085327148438 2 2 4 8
15 23 0.016390562057495117 2 2 3 5
15 16 0.013049125671386719 3 3 4 6
15 16 0.008265256881713867 2 2 4 9
15 16 0.010402917861938477 3 3 6 7
15 19 0.011725664138793945 2 2 4 7
15 19 0.010979413986206055 2 2 3 7
15 24 0.01884746551513672 2 2 4 5
15 17 0.011605501174926758 2 2 4 7
15 19 0.011968851089477539 3 3 3 6
15 23 0.04187941551208496 3 2 4 5
15 16 0.009848356246948242 3 3 6 7
15 27 0.020726919174194336 3 3 3 4
15 17 0.01144266128540039 3 3 4 6
15 14 0.0012242794036865234 2 2 4 8
15 14 0.0014355182647705078 2 2 4 10
15 22 0.016481876373291016 2 2 3 5
15 24 0.014522552490234375 2 2 3 4
15 21 0.014556407928466797 3 3 3 5
15 16 0.010194063186645508 4 4 4 8
15 17 0.010807991027832031 3 3 4 6
15 19 0.014009475708007812 4 4 4 6
15 15 0.008140087127685547 1 1 2 9
15 25 0.0166780948638916 3 3 3 5
15 20 0.015199899673461914 3 3 4 4
15 22 0.016183853149414062 3 3 4 5
15 15 0.00957489013671875 3 3 4 8
15 19 0.012321710586547852 4 4 4 6
15 18 0.011450767517089844 3 3 3 7
15 15 0.009766578674316406 2 2 4 8
15 16 0.01250314712524414 4 4 5 6
15 24 0.01952505111694336 2 2 4 4
15 16 0.008805513381958008 3 3 6 8
15 15 0.009368896484375 2 2 4 9
15 17 0.010743379592895508 3 3 5 6
15 20 0.01365971565246582 2 2 4 5
15 17 0.010628938674926758 4 4 4 6
15 15 0.009285211563110352 2 2 2 9
15 15 0.009870529174804688 4 4 4 7
15 15 0.009054183959960938 3 3 6 8
15 19 0.012565374374389648 3 3 3 6
15 21 0.014248847961425781 3 3 3 5
15 16 0.00919198989868164 3 3 6 8
15 20 0.012433767318725586 3 3 3 7
15 19 0.016977310180664062 3 2 4 6
15 18 0.011799097061157227 3 3 4 6
15 16 0.008745193481445312 3 3 3 9
15 20 0.01413869857788086 2 2 4 5
15 22 0.02186751365661621 2 2 4 4
15 17 0.010713338851928711 3 3 4 6
15 16 0.024667739868164062 4 3 6 7
15 16 0.014746904373168945 2 2 4 5
15 16 0.012991189956665039 4 4 4 6
15 21 0.01476597785949707 3 3 4 5
15 15 0.011788129806518555 3 2 4 9
15 16 0.01322317123413086 3 3 6 7
15 19 0.012402057647705078 3 3 3 6
15 17 0.011913537979125977 4 4 5 6
15 17 0.008933544158935547 3 3 6 7
15 16 0.012551307678222656 3 3 4 7
15 15 0.0073397159576416016 1 1 2 11
15 21 0.010608434677124023 2 2 2 7
15 19 0.012542009353637695 3 3 3 6
15 18 0.01335763931274414 3 3 4 5
15 22 0.03445935249328613 3 2 4 4
15 18 0.014122962951660156 3 3 4 6
15 23 0.017041444778442383 2 2 3 5
15 19 0.014012336730957031 3 3 4 6
15 17 0.013241052627563477 3 3 4 6
15 16 0.01046299934387207 3 3 3 8
15 17 0.012151479721069336 3 3 4 8
15 18 0.012288093566894531 3 3 4 6
15 16 0.01021575927734375 4 4 4 6
15 17 0.013097763061523438 3 3 4 6
15 20 0.015145063400268555 3 3 4 5
15 18 0.012750864028930664 3 3 4 7
15 15 0.008806943893432617 2 2 4 8
15 17 0.013321638107299805 3 3 3 6
15 16 0.012796401977539062 3 3 4 6
15 22 0.02077627182006836 2 2 4 5
15 18 0.01222372055053711 2 2 4 6
15 15 0.00889134407043457 2 2 4 9
15 17 0.012021541595458984 4 4 4 6
15 23 0.024303197860717773 2 2 3 4
15 17 0.013201475143432617 3 3 4 6
15 19 0.012396574020385742 3 3 3 6
15 17 0.012384653091430664 3 3 5 6
15 18 0.014642000198364258 3 3 4 5
15 22 0.013817548751831055 3 3 3 6
15 15 0.010341167449951172 2 2 4 8
15 23 0.019196748733520508 2 2 3 4
15 16 0.011057853698730469 2 2 4 7
15 17 0.012203693389892578 3 3 3 6
15 15 0.008884429931640625 2 2 4 8
15 21 0.014477729797363281 3 3 4 5
15 24 0.01980113983154297 2 2 3 5
15 17 0.013358116149902344 3 3 4 5
15 15 0.007028818130493164 1 1 2 10
15 17 0.012780427932739258 2 2 4 7
15 16 0.013204574584960938 3 3 4 7
15 16 0.011182785034179688 2 2 4 8
15 16 0.01275014877319336 2 2 4 5
15 16 0.011390924453735352 3 3 4 7
15 17 0.011190652847290039 2 2 3 6
15 17 0.015304088592529297 3 2 4 7
15 16 0.011465072631835938 4 4 5 7
15 20 0.018238067626953125 3 2 4 6
15 17 0.013752460479736328 3 3 4 6
15 17 0.01104736328125 3 3 4 6
15 21 0.01378321647644043 2 2 4 5
15 19 0.009952068328857422 2 2 3 9
15 17 0.01212000846862793 3 3 4 8
15 15 0.010389328002929688 2 2 4 8
15 21 0.013702154159545898 2 2 4 5
15 16 0.011499166488647461 3 3 4 6
15 16 0.010714054107666016 2 2 4 7
15 23 0.016887903213500977 4 4 4 4
15 16 0.008691549301147461 2 1 3 10
15 16 0.0120697021484375 5 5 5 7
15 17 0.010233163833618164 2 2 4 7
15 17 0.010876893997192383 2 2 3 9
15 24 0.02188873291015625 2 2 3 4
15 20 0.014380693435668945 2 2 3 5
15 17 0.009620189666748047 3 3 3 7
15 16 0.01009988784790039 3 3 6 7
15 18 0.011439085006713867 3 2 5 6
15 22 0.016667604446411133 2 2 3 6
15 24 0.03146481513977051 3 2 4 4
15 22 0.02578139305114746 3 2 3 6
15 15 0.00985264778137207 2 2 3 9
15 20 0.014943838119506836 2 2 4 5
15 20 0.015930891036987305 2 2 4 4
15 17 0.013335227966308594 3 2 5 8
15 17 0.013400793075561523 2 2 4 5
15 16 0.014925241470336914 3 2 5 6
15 17 0.01317596435546875 3 3 4 6
15 14 0.0011289119720458984 2 2 4 8
15 19 0.018599748611450195 3 2 4 7
15 19 0.013701200485229492 2 2 3 6
15 17 0.01580500602722168 3 2 5 5
15 19 0.013852596282958984 4 4 4 5
15 16 0.013636112213134766 3 2 4 8
15 19 0.010289669036865234 2 2 4 7
15 16 0.011249542236328125 2 2 3 7
15 22 0.01647639274597168 2 2 3 4
15 19 0.013394832611083984 2 2 3 5
15 17 0.015599966049194336 3 2 5 8
15 22 0.026540279388427734 2 2 3 4
15 22 0.013303279876708984 2 2 3 6
15 20 0.02587127685546875 3 2 3 5
15 18 0.012976646423339844 3 3 4 5
15 18 0.01150655746459961 2 2 3 7
15 25 0.04428458213806152 3 2 3 4
15 16 0.009946823120117188 3 3 4 7
15 21 0.016581296920776367 3 3 3 5
15 17 0.012020111083984375 2 2 4 7
15 15 0.006477832794189453 1 1 2 12
15 15 0.009536504745483398 3 3 4 8
15 14 0.0011339187622070312 2 2 4 9
15 18 0.011340618133544922 3 3 3 7
15 17 0.012979984283447266 4 4 4 6
15 17 0.009273290634155273 2 1 3 8
15 20 0.013385295867919922 3 3 3 7
15 18 0.01235055923461914 3 3 4 7
15 18 0.015819549560546875 3 3 4 6
15 16 0.01790452003479004 3 2 4 6
15 14 0.0015342235565185547 2 2 4 7
15 15 0.009815216064453125 3 3 4 8
15 17 0.012990474700927734 3 3 4 6
15 17 0.012945175170898438 3 3 4 7
15 20 0.016353368759155273 2 2 4 5
15 15 0.011077404022216797 2 2 4 9
15 18 0.016833066940307617 4 4 4 5
15 15 0.056836843490600586 3 3 4 6
15 16 0.011568069458007812 4 4 4 8
15 24 0.0211639404296875 2 2 3 4
15 20 0.016968965530395508 3 3 3 5
15 15 0.01221919059753418 4 4 5 6
15 16 0.011077404022216797 3 3 3 8
15 18 0.015974760055541992 4 4 4 5
16 21 0.019970417022705078 3 3 3 5
16 22 0.017966032028198242 3 3 4 6
16 16 0.014480352401733398 3 3 6 8
16 17 0.015746593475341797 3 3 4 8
16 20 0.01750493049621582 3 3 3 6
16 17 0.015413284301757812 3 3 6 7
16 15 0.0011320114135742188 2 2 4 10
16 18 0.0411524772644043 4 3 5 6
16 18 0.017711400985717773 2 2 4 5
16 23 0.022695541381835938 2 2 3 5
16 17 0.013966560363769531 3 3 4 8
16 22 0.05883955955505371 3 2 4 6
16 21 0.016513347625732422 4 4 4 6
16 21 0.015072822570800781 3 3 3 7
16 23 0.019098281860351562 3 3 4 5
16 20 0.01251077651977539 2 2 3 9
16 15 0.0013303756713867188 2 2 4 9
16 17 0.021613359451293945 3 2 4 6
16 21 0.01440739631652832 3 3 3 7
16 25 0.021098613739013672 2 2 3 5
16 20 0.015153169631958008 3 3 3 7
16 18 0.016268014907836914 4 4 4 6
16 19 0.016602516174316406 4 4 4 6
16 17 0.012219429016113281 5 5 5 8
16 19 0.0509953498840332 4 3 6 7
16 21 0.018083810806274414 3 3 3 5
16 16 0.00847172737121582 2 2 2 11
16 17 0.014616727828979492 4 4 4 6
16 23 0.020832538604736328 2 2 4 4
16 20 0.014245033264160156 3 3 3 7
16 20 0.01311802864074707 3 3 3 7
16 16 0.011443853378295898 3 2 5 9
16 17 0.015064716339111328 3 2 5 7
16 22 0.01522517204284668 2 2 3 5
16 20 0.01375126838684082 3 3 3 7
16 18 0.013275384902954102 3 3 4 8
16 16 0.012479066848754883 3 3 4 6
16 18 0.012636423110961914 3 3 3 8
16 23 0.019420623779296875 2 2 4 4
16 18 0.013900041580200195 4 4 5 9
16 17 0.012954473495483398 3 3 6 7
16 20 0.029618501663208008 3 2 4 5
16 18 0.01459360122680664 3 3 4 6
16 16 0.010499954223632812 1 1 2 9
16 19 0.01086282730102539 3 3 4 8
16 18 0.013344764709472656 4 4 4 8
16 18 0.012147903442382812 4 4 4 8
16 17 0.01543736457824707 3 3 4 7
16 19 0.01768803596496582 3 3 3 6
16 18 0.014313220977783203 3 3 4 6
16 17 0.029776573181152344 4 3 6 8
16 20 0.014709234237670898 3 3 4 5
16 28 0.01663494110107422 2 2 3 7
16 20 0.017528533935546875 3 3 4 4
16 20 0.01797652244567871 3 3 4 5
16 20 0.01800704002380371 4 4 4 7
16 20 0.014757871627807617 2 2 3 7
16 18 0.013320684432983398 3 3 4 8
16 21 0.019948244094848633 3 2 4 6
16 24 0.018227100372314453 2 2 3 4
16 17 0.013967752456665039 3 3 4 6
16 20 0.016234159469604492 4 4 4 5
16 18 0.01304936408996582 3 3 4 7
16 21 0.01923394203186035 3 3 3 6
16 21 0.016208648681640625 3 3 3 7
16 18 0.012930870056152344 4 4 4 8
16 17 0.014644145965576172 2 2 4 6
16 20 0.014602899551391602 2 2 4 6
16 17 0.011324405670166016 3 3 4 9
16 20 0.011092901229858398 2 2 3 9
16 18 0.012986183166503906 3 3 5 7
16 20 0.014363527297973633 3 3 4 7
16 21 0.01491093635559082 3 3 4 6
16 20 0.014339447021484375 4 4 4 7
16 18 0.015383243560791016 4 4 4 5
16 20 0.017414331436157227 3 3 4 5
16 20 0.018201589584350586 3 3 4 5
16 19 0.01613593101501465 4 4 4 5
16 20 0.015550613403320312 3 3 3 6
16 19 0.011570930480957031 2 2 3 9
16 23 0.018677949905395508 3 3 3 5
16 19 0.01827239990234375 4 4 5 7
16 19 0.022647380828857422 4 3 5 7
16 21 0.016529321670532227 3 3 4 5
16 20 0.014636754989624023 3 3 3 7
16 17 0.011406421661376953 2 2 4 7
16 22 0.017282485961914062 3 3 4 5
16 18 0.011598825454711914 3 3 5 8
16 19 0.01412510871887207 3 3 3 5
16 22 0.019234657287597656 2 2 4 5
16 27 0.023540258407592773 3 3 3 5
16 20 0.022719860076904297 3 3 4 5
16 20 0.02069091796875 4 4 4 5
16 18 0.023935317993164062 4 4 4 6
16 17 0.015046358108520508 2 2 4 7
16 19 0.015319347381591797 5 5 5 6
16 19 0.012453317642211914 2 2 3 8
16 18 0.01265716552734375 3 3 4 7
16 25 0.0210421085357666 3 3 3 5
16 24 0.019624710083007812 3 3 4 4
16 18 0.011363744735717773 2 2 3 9
16 25 0.020105361938476562 2 2 4 4
16 20 0.018780231475830078 3 3 4 6
16 19 0.013895511627197266 3 3 4 7
16 18 0.015401840209960938 3 3 4 7
16 18 0.014298677444458008 3 2 5 8
16 22 0.019377470016479492 3 3 3 5
16 18 0.014091014862060547 3 3 3 7
16 18 0.01633596420288086 4 4 4 7
16 15 0.0011949539184570312 2 2 4 8
16 18 0.015144824981689453 3 3 4 7
16 18 0.013131141662597656 3 3 4 8
16 19 0.012805938720703125 3 3 3 9
16 25 0.020552396774291992 2 2 3 4
16 22 0.030342578887939453 3 2 3 6
16 17 0.01648879051208496 3 2 5 9
16 18 0.0146942138671875 3 3 4 7
16 18 0.017923831939697266 3 3 5 6
16 19 0.016889095306396484 3 3 4 6
16 20 0.015005350112915039 2 2 4 8
16 15 0.0013003349304199219 1 1 2 11
16 20 0.014909029006958008 3 3 4 6
16 16 0.010229825973510742 2 2 4 9
16 17 0.012267589569091797 3 3 4 8
16 17 0.013616561889648438 2 2 4 7
16 23 0.0174252986907959 3 3 4 5
16 18 0.016368627548217773 3 3 4 5
16 22 0.02295708656311035 2 2 4 5
16 15 0.001421213150024414 2 2 4 8
16 20 0.01727747917175293 3 3 4 6
16 16 0.01302337646484375 3 3 6 7
16 20 0.029309511184692383 3 2 4 6
16 22 0.01745748519897461 2 2 4 6
16 17 0.012922286987304688 3 3 4 8
16 16 0.010846376419067383 3 3 4 8
16 15 0.0017514228820800781 3 3 6 7
16 21 0.0160520076751709 3 3 3 6
16 17 0.01293635368347168 2 2 3 8
16 16 0.01202535629272461 2 1 3 9
16 15 0.0012936592102050781 2 2 4 8
16 17 0.01553034782409668 3 3 4 9
16 18 0.017671585083007812 3 3 5 6
16 18 0.01884913444519043 3 3 5 6
16 19 0.10274791717529297 4 2 5 6
16 23 0.01970815658569336 3 3 3 5
16 21 0.014544248580932617 2 2 3 7
16 19 0.014749765396118164 2 2 4 6
16 16 0.011978864669799805 2 2 4 8
16 25 0.021269559860229492 3 3 4 4
16 17 0.013654232025146484 4 4 4 7
16 22 0.04373335838317871 3 2 4 5
16 16 0.01642465591430664 3 2 4 7
16 17 0.014041900634765625 2 2 4 7
16 15 0.0014252662658691406 4 4 8 8
16 17 0.013672113418579102 2 2 4 9
16 16 0.011462211608886719 3 3 6 9
16 20 0.021419048309326172 3 3 4 5
16 17 0.014960527420043945 3 3 4 8
16 24 0.07218170166015625 3 2 3 5
16 24 0.0218350887298584 3 3 4 5
16 18 0.01337122917175293 3 3 3 8
16 21 0.01678943634033203 3 3 4 5
16 22 0.020406246185302734 3 3 4 4
16 17 0.0121307373046875 3 3 4 8
16 20 0.019476652145385742 4 4 5 6
16 22 0.03244519233703613 2 2 3 4
16 15 0.0012357234954833984 1 1 2 9
17 17 0.015199661254882812 4 4 4 8
17 18 0.015355825424194336 3 3 4 8
17 22 0.04757213592529297 3 2 4 5
17 22 0.02210068702697754 3 3 3 7
17 18 0.011415481567382812 2 2 2 11
17 19 0.015736103057861328 2 2 4 8
17 20 0.019565105438232422 3 3 4 7
17 17 0.015405416488647461 3 3 6 8
17 22 0.020456314086914062 3 3 4 6
17 23 0.025455713272094727 3 3 4 5
17 18 0.012890338897705078 3 3 6 9
17 19 0.013504981994628906 2 2 4 8
17 23 0.020203828811645508 3 3 4 6
17 21 0.047699689865112305 4 3 5 7
17 18 0.015445470809936523 4 4 8 8
17 18 0.017796993255615234 4 4 4 8
17 19 0.016321659088134766 3 3 4 8
17 22 0.023723840713500977 3 3 4 5
17 17 0.013021469116210938 3 3 4 9
17 17 0.015259504318237305 3 2 4 10
17 20 0.01726055145263672 3 3 4 8
17 20 0.02008795738220215 2 2 4 5
17 21 0.016512632369995117 3 3 3 7
17 20 0.01764512062072754 3 3 4 7
17 17 0.011210918426513672 2 2 4 11
17 17 0.028772830963134766 4 3 6 8
17 19 0.019037961959838867 3 3 5 8
17 18 0.019199371337890625 3 3 4 7
17 22 0.028105974197387695 3 3 4 5
17 21 0.020046472549438477 3 3 4 5
17 18 0.017258882522583008 2 2 4 6
17 22 0.02317500114440918 3 3 3 5
17 18 0.016150236129760742 3 3 4 7
17 17 0.013124227523803711 4 4 4 10
17 19 0.016875743865966797 2 2 4 6
17 19 0.031847238540649414 3 2 4 7
17 17 0.016322612762451172 2 2 4 7
17 20 0.018204212188720703 3 3 3 7
17 19 0.01886916160583496 3 3 4 7
17 18 0.021711349487304688 4 3 6 9
17 22 0.04328799247741699 3 2 4 5
17 22 0.019110918045043945 4 4 4 6
17 25 0.022320270538330078 3 3 4 5
17 17 0.014176368713378906 5 5 5 7
17 25 0.028057575225830078 3 3 3 5
17 27 0.08062577247619629 3 2 4 4
17 18 0.013900041580200195 3 3 4 8
17 19 0.011641263961791992 2 2 3 10
17 20 0.02066206932067871 3 3 3 6
17 20 0.01667189598083496 3 3 3 7
17 21 0.01641106605529785 5 5 5 6
17 18 0.02093362808227539 3 2 4 8
17 20 0.0222170352935791 3 3 4 5
17 21 0.022434711456298828 3 3 4 7
17 31 0.04611802101135254 2 2 3 4
17 20 0.023396730422973633 3 2 5 7
17 19 0.018881797790527344 4 4 4 6
17 20 0.0198214054107666 3 2 5 7
17 18 0.029338836669921875 4 3 5 8
17 20 0.016796588897705078 4 4 4 8
17 26 0.022385120391845703 2 2 3 7
17 24 0.02068781852722168 2 2 3 7
17 18 0.013344049453735352 2 2 4 9
17 23 0.02336740493774414 3 3 4 5
17 21 0.020096778869628906 4 4 4 6
17 21 0.01944136619567871 2 2 4 6
17 28 0.027961254119873047 3 3 3 4
17 18 0.017568588256835938 3 3 3 8
17 18 0.013165712356567383 3 3 4 11
17 24 0.05412745475769043 3 2 4 6
17 22 0.02553868293762207 3 3 4 6
17 23 0.022747039794921875 3 3 3 6
17 19 0.018692970275878906 2 2 4 7
17 19 0.0188751220703125 3 3 4 6
17 19 0.021035194396972656 3 3 5 6
17 22 0.019310474395751953 3 3 4 7
17 19 0.01949143409729004 3 3 4 7
17 25 0.031063556671142578 2 2 3 5
17 18 0.01557469367980957 3 3 4 10
17 17 0.014933586120605469 2 2 4 8
17 19 0.02189016342163086 3 3 4 7
17 17 0.012992382049560547 2 2 4 11
17 20 0.01883101463317871 3 3 4 6
17 20 0.028545379638671875 3 3 4 6
17 23 0.025781631469726562 3 3 4 5
17 19 0.013823986053466797 2 2 3 10
17 20 0.017725229263305664 4 4 4 7
17 21 0.020456790924072266 4 4 4 6
17 20 0.047728538513183594 4 3 5 7
17 20 0.0172121524810791 3 3 4 7
17 21 0.01586437225341797 3 3 4 8
17 19 0.01780986785888672 3 3 4 6
17 21 0.01726388931274414 3 3 4 7
17 24 0.05667304992675781 2 2 3 7
17 28 0.021317720413208008 4 4 4 6
17 16 0.0015552043914794922 2 2 4 9
17 18 0.011421442031860352 2 2 2 13
17 21 0.021440505981445312 3 3 4 5
17 26 0.034461259841918945 2 2 3 4
17 22 0.018880844116210938 3 3 4 6
17 20 0.01821279525756836 3 3 4 6
17 20 0.018247365951538086 4 4 4 6
17 22 0.021924257278442383 3 3 4 6
17 22 0.02172684669494629 3 3 4 6
17 19 0.01998424530029297 4 4 4 7
17 26 0.05291342735290527 3 2 5 6
17 18 0.012888193130493164 2 2 4 9
17 21 0.04320406913757324 4 3 5 6
17 19 0.016019582748413086 4 4 4 7
17 24 0.01921224594116211 3 3 4 6
17 24 0.023544788360595703 3 3 4 5
17 25 0.01995706558227539 3 3 3 7
17 17 0.011958599090576172 2 2 4 9
17 23 0.061562538146972656 3 2 5 5
17 17 0.013492107391357422 3 3 6 8
17 20 0.014257431030273438 3 3 3 8
17 22 0.019951343536376953 2 2 4 5
17 19 0.020874500274658203 3 2 4 9
17 23 0.020177364349365234 3 3 4 6
17 23 0.018645286560058594 3 3 4 7
17 21 0.016811370849609375 3 3 4 8
17 20 0.01477503776550293 2 2 4 8
17 17 0.013493537902832031 3 3 6 8
17 18 0.015121936798095703 3 3 4 9
17 24 0.024183273315429688 2 2 3 5
17 23 0.016478776931762695 2 2 3 7
17 18 0.01625800132751465 2 2 3 7
17 19 0.02174663543701172 3 2 4 6
17 21 0.02155327796936035 3 2 4 7
17 25 0.02385258674621582 2 2 3 6
17 19 0.017850637435913086 3 3 4 6
17 21 0.024465322494506836 3 2 4 6
17 20 0.02244877815246582 3 3 4 6
17 20 0.022721529006958008 3 2 4 6
17 18 0.018462657928466797 3 2 4 8
17 23 0.023845195770263672 3 3 3 5
17 18 0.013391256332397461 2 2 4 8
17 20 0.017320871353149414 3 3 6 7
17 18 0.014828681945800781 3 3 6 7
17 21 0.021878480911254883 3 3 4 6
17 19 0.01787424087524414 4 4 5 7
17 19 0.01677417755126953 3 3 5 7
17 16 0.0014941692352294922 2 2 4 8
17 23 0.024747848510742188 4 4 4 5
17 21 0.016517162322998047 2 2 3 8
17 18 0.01668071746826172 3 3 6 7
17 20 0.02007460594177246 4 4 5 7
17 22 0.02245497703552246 3 3 4 5
17 22 0.06365203857421875 2 2 4 5
17 20 0.02638530731201172 3 2 4 5
18 19 0.026813745498657227 3 2 5 9
18 25 0.03928995132446289 3 2 3 5
18 28 0.12126040458679199 3 2 4 5
18 18 0.03828287124633789 4 3 6 8
18 24 0.026258230209350586 3 3 3 6
18 26 0.03245878219604492 3 3 4 5
18 25 0.025725841522216797 4 4 4 5
18 23 0.018184661865234375 2 2 4 9
18 20 0.01752185821533203 4 4 4 9
18 24 0.053400516510009766 3 2 4 6
18 29 0.028972387313842773 2 2 3 6
18 19 0.015802383422851562 2 2 4 9
18 24 0.036713361740112305 3 3 3 6
18 20 0.021759748458862305 4 4 5 8
18 27 0.0800929069519043 3 2 4 5
18 19 0.0176236629486084 5 5 5 9
18 21 0.08876991271972656 4 3 5 8
18 24 0.024925708770751953 3 3 4 6
18 20 0.023340702056884766 4 4 5 7
18 18 0.018197298049926758 3 3 4 8
18 24 0.11760878562927246 4 3 4 6
18 20 0.021274089813232422 2 2 4 6
18 21 0.09115958213806152 4 3 4 6
18 24 0.03455018997192383 3 2 5 6
18 23 0.020493745803833008 2 2 4 7
18 26 0.027095317840576172 2 2 4 5
18 23 0.018796443939208984 3 3 4 9
18 26 0.03229570388793945 3 3 4 5
18 22 0.033292293548583984 3 2 4 5
18 18 0.014978408813476562 2 2 4 9
18 20 0.019890546798706055 5 5 5 7
18 19 0.018714189529418945 3 3 6 7
18 18 0.0164334774017334 2 2 4 8
18 21 0.019735336303710938 3 3 6 7
18 27 0.028218984603881836 3 3 4 5
18 24 0.0242459774017334 3 3 4 6
18 19 0.02097940444946289 4 4 5 8
18 26 0.029675006866455078 3 3 4 5
18 20 0.020506620407104492 4 4 4 8
18 23 0.021800518035888672 3 3 4 8
18 21 0.022609472274780273 3 2 4 7
18 19 0.022716999053955078 3 3 4 7
18 21 0.02096247673034668 3 3 3 8
18 23 0.023200035095214844 3 3 5 8
18 20 0.02198958396911621 5 5 5 8
18 25 0.22546076774597168 4 3 4 6
18 25 0.052805423736572266 3 3 4 5
18 21 0.023917198181152344 4 4 4 7
18 20 0.02052783966064453 3 2 4 8
18 23 0.02471303939819336 2 2 4 6
18 20 0.0394284725189209 3 3 5 7
18 26 0.028167724609375 3 3 3 6
18 25 0.026124238967895508 3 3 4 7
18 26 0.08980631828308105 3 3 4 5
18 23 0.021162986755371094 4 4 4 6
18 24 0.025559425354003906 3 3 4 6
18 21 0.033669233322143555 3 3 4 5
18 18 0.015052318572998047 2 2 4 10
18 19 0.01617717742919922 2 2 3 10
18 19 0.013875722885131836 3 3 6 11
18 22 0.02887868881225586 4 4 4 7
18 25 0.034446001052856445 3 3 4 5
18 22 0.02411627769470215 3 3 4 7
18 23 0.019850492477416992 3 3 3 8
18 26 0.03257560729980469 4 4 4 6
18 21 0.02430129051208496 3 3 4 7
18 23 0.028935909271240234 3 3 4 5
18 21 0.027378320693969727 3 3 6 6
18 28 0.03306150436401367 3 3 4 4
18 23 0.024332046508789062 3 3 4 7
18 24 0.03778672218322754 3 2 4 5
18 24 0.02495574951171875 3 3 4 6
18 22 0.02958536148071289 3 3 4 6
18 23 0.027518033981323242 3 3 4 6
18 25 0.07241201400756836 3 3 4 5
18 28 0.05295896530151367 3 2 4 6
18 21 0.04632258415222168 3 2 4 6
18 19 0.020211219787597656 4 4 4 8
18 20 0.017282724380493164 3 3 4 9
18 20 0.021577835083007812 4 4 5 6
18 21 0.021283864974975586 3 3 6 7
18 25 0.03405642509460449 3 3 4 5
18 22 0.02964043617248535 4 4 4 5
18 19 0.02122044563293457 3 3 4 8
18 21 0.0229794979095459 5 5 5 7
18 20 0.020183563232421875 2 2 4 8
18 20 0.022342443466186523 3 2 4 8
18 21 0.018979549407958984 3 3 3 9
18 25 0.051607608795166016 3 2 4 5
18 24 0.020845413208007812 3 3 3 8
18 18 0.036110877990722656 4 3 6 8
18 18 0.016201496124267578 6 6 6 8
18 25 0.025643348693847656 3 3 4 5
18 18 0.014238119125366211 3 3 6 10
18 22 0.015789270401000977 2 2 3 10
18 25 0.027901172637939453 3 3 3 5
18 21 0.018762826919555664 2 2 3 9
18 18 0.031857967376708984 4 3 6 10
18 19 0.01859283447265625 5 5 5 8
18 19 0.02107524871826172 2 2 4 7
18 19 0.017459392547607422 5 5 5 8
18 19 0.016198396682739258 2 2 4 10
18 20 0.01921701431274414 2 2 4 6
18 18 0.02762126922607422 4 3 6 8
18 22 0.022403955459594727 3 3 4 6
18 25 0.029380083084106445 2 2 4 6
18 21 0.02389049530029297 4 4 5 7
18 23 0.032871246337890625 3 3 4 5
18 23 0.026047229766845703 3 3 4 6
18 19 0.01771712303161621 3 3 4 8
18 21 0.021085023880004883 3 3 4 7
18 19 0.019930124282836914 3 3 4 7
18 24 0.02242875099182129 3 3 4 7
18 18 0.036563873291015625 4 3 6 8
18 19 0.01568770408630371 4 4 4 10
18 24 0.025346994400024414 3 3 4 6
18 23 0.027508258819580078 2 2 4 4
18 17 0.001734018325805664 2 2 4 11
19 24 0.027418136596679688 3 3 3 6
19 29 0.031264305114746094 3 3 4 6
19 18 0.0015468597412109375 2 2 4 8
19 24 0.22709107398986816 4 3 4 6
19 22 0.0404973030090332 3 2 5 6
19 19 0.050704240798950195 4 3 6 9
19 18 0.0016770362854003906 3 3 6 9
19 23 0.024682998657226562 3 3 4 9
19 21 0.06345891952514648 4 3 6 8
19 20 0.02321457862854004 2 2 4 8
19 24 0.02863311767578125 3 3 4 7
19 23 0.030218124389648438 4 4 5 7
19 21 0.03377532958984375 3 3 6 7
19 28 0.02502608299255371 2 2 4 8
19 21 0.0635373592376709 3 2 5 6
19 21 0.05914187431335449 3 3 6 7
19 23 0.019460201263427734 2 2 4 9
19 24 0.022329330444335938 2 2 4 10
19 19 0.017647266387939453 4 4 6 10
19 25 0.02724599838256836 3 3 4 6
19 21 0.023964405059814453 5 5 6 7
19 29 0.0716862678527832 3 2 3 6
19 27 0.03797721862792969 3 3 4 4
19 24 0.028151750564575195 3 3 6 7
19 30 0.04311871528625488 3 3 4 5
19 21 0.024137258529663086 4 4 4 8
19 21 0.023210763931274414 4 4 4 7
19 25 0.028603315353393555 3 3 3 7
19 27 0.04109501838684082 3 3 4 5
19 23 0.0408778190612793 4 4 4 6
19 24 0.03007984161376953 3 3 4 8
19 25 0.03244614601135254 3 3 4 7
19 21 0.021570920944213867 3 3 6 8
19 22 0.023523807525634766 4 4 5 8
19 22 0.03150820732116699 4 4 5 6
19 20 0.01918816566467285 4 4 4 12
19 22 0.035323381423950195 3 3 4 5
19 24 0.03491330146789551 4 4 4 6
19 21 0.019989490509033203 3 3 6 8
19 25 0.032477617263793945 3 3 4 5
19 19 0.01774764060974121 2 2 4 11
19 25 0.07013821601867676 3 3 4 6
19 23 0.02958846092224121 3 3 5 7
19 27 0.035224199295043945 3 3 4 5
19 23 0.023212909698486328 4 4 4 9
19 23 0.04497814178466797 3 2 4 6
19 22 0.04125475883483887 3 2 4 7
19 23 0.02679300308227539 3 3 5 7
19 21 0.041929006576538086 4 3 5 8
19 24 0.028996944427490234 3 3 4 6
19 22 0.027251720428466797 3 3 4 8
19 21 0.027261972427368164 4 4 5 7
19 20 0.01949000358581543 4 4 4 10
19 24 0.055617332458496094 3 3 4 5
19 35 0.03790712356567383 3 3 3 5
19 23 0.02239847183227539 3 3 4 8
19 23 0.025941133499145508 3 3 4 7
19 24 0.03520560264587402 2 2 4 4
19 23 0.024363994598388672 4 4 4 7
19 24 0.02850484848022461 3 3 4 6
19 26 0.031723976135253906 3 3 4 6
19 25 0.032384634017944336 3 3 4 7
19 24 0.05603742599487305 3 2 4 6
19 28 0.06626033782958984 3 2 4 5
19 21 0.02213597297668457 3 3 4 9
19 28 0.03688311576843262 4 4 4 5
19 22 0.021122455596923828 3 3 6 8
19 21 0.015468835830688477 3 3 3 13
19 22 0.11880755424499512 4 2 5 7
19 26 0.028788328170776367 5 5 5 6
19 30 0.03623557090759277 3 3 4 5
19 22 0.0249786376953125 4 4 5 7
19 23 0.026818037033081055 3 3 4 7
19 33 0.0477747917175293 3 3 3 4
19 21 0.03140401840209961 3 2 4 8
19 28 0.03281068801879883 3 3 4 5
19 22 0.03169822692871094 3 2 4 8
19 24 0.02634596824645996 4 4 4 6
19 21 0.03118419647216797 4 3 5 10
19 26 0.02905106544494629 4 4 4 7
19 22 0.024851083755493164 2 2 3 7
19 22 0.024945497512817383 4 4 6 8
19 22 0.023388147354125977 4 4 4 7
19 18 0.0016224384307861328 2 2 4 8
19 24 0.03366231918334961 3 3 4 6
19 26 0.0366511344909668 2 2 4 6
19 22 0.0205233097076416 3 3 4 9
19 21 0.020213603973388672 2 2 4 9
19 21 0.018229007720947266 2 2 4 10
19 22 0.029648780822753906 3 2 4 7
19 20 0.0263521671295166 3 3 5 7
19 31 0.0363006591796875 3 3 3 5
19 18 0.0019648075103759766 3 3 6 10
19 29 0.12718582153320312 3 3 4 5
19 20 0.0165097713470459 2 2 4 10
19 21 0.018670082092285156 4 4 7 9
19 23 0.027678489685058594 5 5 5 7
19 28 0.03504347801208496 3 3 4 5
19 27 0.027620553970336914 3 3 3 7
19 20 0.019728899002075195 3 3 6 8
19 31 0.05517935752868652 3 2 3 5
19 18 0.0015399456024169922 3 3 6 10
19 21 0.020969152450561523 3 3 3 9
19 22 0.028791427612304688 4 4 4 5
19 21 0.025513172149658203 3 3 5 7
19 21 0.024131298065185547 4 4 5 7
19 23 0.027260780334472656 3 3 5 6
19 22 0.019409656524658203 3 3 6 9
19 21 0.02428293228149414 3 3 4 7
19 25 0.06542181968688965 3 3 4 6
19 19 0.019876480102539062 3 3 6 10
19 20 0.08273530006408691 4 2 5 8
20 21 0.038225650787353516 4 4 6 8
20 22 0.020757198333740234 3 3 4 11
20 21 0.02119588851928711 3 3 5 10
20 24 0.02578258514404297 3 3 4 8
20 22 0.022559404373168945 2 2 3 10
20 23 0.01922440528869629 2 2 4 11
20 21 0.025380849838256836 3 2 5 10
20 25 0.08212542533874512 3 2 5 6
20 22 0.03348183631896973 5 5 5 6
20 21 0.026160240173339844 2 2 4 9
20 22 0.023318052291870117 3 3 4 9
20 22 0.035676002502441406 3 3 6 7
20 24 0.034461021423339844 3 3 5 6
20 23 0.03908991813659668 4 4 4 10
20 24 0.03718161582946777 3 2 5 10
20 22 0.03172636032104492 3 3 6 6
20 25 0.04511690139770508 3 2 4 8
20 26 0.03106093406677246 3 3 4 9
20 25 0.04060626029968262 4 4 5 7
20 23 0.05237698554992676 4 4 5 6
20 24 0.03441905975341797 4 4 5 7
20 27 0.040097951889038086 3 3 4 6
20 22 0.032338619232177734 3 3 5 8
20 27 0.04220175743103027 3 3 4 6
20 26 0.04147171974182129 3 3 4 6
20 26 0.03263521194458008 4 4 4 7
20 23 0.03823447227478027 4 4 5 8
20 29 0.05917477607727051 2 2 4 8
20 22 0.024234533309936523 4 4 4 10
20 21 0.023573875427246094 4 4 4 10
20 22 0.02227926254272461 3 3 4 10
20 27 0.15853285789489746 3 3 4 6
20 28 0.03584790229797363 3 3 5 7
20 25 0.07507491111755371 3 3 6 6
20 31 0.043035030364990234 3 3 4 5
20 28 0.0394589900970459 3 3 4 6
20 30 0.043947696685791016 3 3 4 5
20 24 0.03149080276489258 3 2 4 9
20 23 0.06745553016662598 4 3 5 7
20 24 0.0281980037689209 5 5 5 7
20 30 0.041703224182128906 3 3 4 5
20 22 0.03507184982299805 3 3 5 6
20 22 0.0428009033203125 4 3 6 8
20 26 0.03557467460632324 3 3 4 8
20 26 0.03961896896362305 3 3 4 6
20 24 0.07846736907958984 4 3 6 7
20 27 0.03685331344604492 3 3 4 7
20 22 0.03518795967102051 3 3 4 7
20 23 0.046190500259399414 2 2 4 5
20 25 0.025287866592407227 3 3 4 9
20 22 0.0883796215057373 4 3 6 8
20 22 0.024051189422607422 2 2 4 9
20 19 0.002067089080810547 2 2 4 14
20 28 0.039109230041503906 4 4 4 6
20 30 0.04227089881896973 3 3 3 6
20 26 0.03838682174682617 4 4 5 7
20 28 0.08547139167785645 4 4 4 7
20 21 0.025360584259033203 3 3 3 10
20 22 0.018915891647338867 2 2 4 12
20 24 0.04386615753173828 3 3 4 6
20 20 0.025282859802246094 3 3 5 8
20 24 0.029786109924316406 3 3 5 8
20 27 0.04389023780822754 3 3 4 5
20 25 0.030670642852783203 4 4 6 8
20 24 0.026128530502319336 3 3 4 9
20 25 0.04582977294921875 3 2 4 7
20 24 0.024928569793701172 3 3 4 9
20 23 0.025428295135498047 4 4 4 8
20 23 0.027083635330200195 3 3 4 8
20 25 0.04221177101135254 3 3 4 7
20 21 0.026706218719482422 4 4 6 7
20 28 0.03543829917907715 2 2 4 6
20 24 0.02984309196472168 4 4 6 7
20 28 0.040757179260253906 3 3 4 5
20 23 0.025971651077270508 4 4 4 8
20 20 0.02256631851196289 3 3 4 10
20 22 0.04031658172607422 3 3 5 8
20 21 0.038988351821899414 3 3 4 9
20 21 0.058435678482055664 3 3 6 7
20 23 0.04765200614929199 3 3 5 6
20 26 0.0411529541015625 3 3 4 6
20 25 0.08205699920654297 3 3 4 6
20 21 0.02190876007080078 3 3 6 10
20 25 0.03463244438171387 3 3 4 6
20 27 0.038237810134887695 3 3 4 6
20 21 0.04877066612243652 4 4 6 7
20 23 0.03372788429260254 3 3 5 6
20 25 0.041596174240112305 3 3 4 5
20 25 0.029142141342163086 4 4 5 8
20 21 0.030335664749145508 3 3 4 7
20 22 0.03898978233337402 3 3 6 8
20 22 0.02744603157043457 4 4 5 8
20 20 0.03692626953125 4 3 6 10
21 22 0.057703256607055664 4 3 5 10
21 26 0.0810701847076416 4 4 5 7
21 29 0.04466533660888672 4 4 4 6
21 24 0.036423444747924805 4 4 5 9
21 35 0.05601620674133301 3 3 4 5
21 29 0.04738950729370117 3 3 4 6
21 22 0.028712034225463867 3 3 4 10
21 23 0.0430147647857666 4 3 6 9
21 26 0.0677497386932373 3 3 4 6
21 21 0.02622199058532715 4 4 5 11
21 27 0.03602290153503418 3 3 5 7
21 26 0.07537841796875 3 3 5 6
21 36 0.06205630302429199 3 3 3 4
21 20 0.0016818046569824219 2 2 4 12
21 24 0.034173011779785156 3 3 4 10
21 33 0.0630943775177002 3 3 4 4
21 24 0.0337069034576416 4 4 6 9
21 24 0.02950000762939453 2 2 4 9
21 24 0.04580521583557129 4 4 4 7
21 26 0.054418325424194336 4 4 4 6
21 25 0.038745880126953125 3 3 4 7
21 23 0.037488460540771484 3 2 5 9
21 20 0.0016875267028808594 3 3 6 9
21 41 0.05537271499633789 3 3 3 6
21 24 0.03562211990356445 4 4 5 7
21 26 0.03891444206237793 4 4 4 7
21 29 0.0438382625579834 4 4 5 6
21 23 0.03763890266418457 3 3 5 8
21 32 0.050454139709472656 4 4 4 5
21 29 0.060767412185668945 3 3 4 7
21 25 0.02793407440185547 3 3 4 11
21 30 0.08481931686401367 4 4 4 6
21 25 0.03668332099914551 3 3 6 7
21 26 0.044854164123535156 4 4 4 9
21 28 0.058025360107421875 3 3 5 6
21 25 0.08563828468322754 3 2 4 6
21 26 0.10504460334777832 3 2 5 6
21 30 0.0731041431427002 3 2 4 6
21 25 0.03472495079040527 3 3 4 9
21 24 0.1913471221923828 4 3 6 7
21 27 0.06918072700500488 3 3 4 6
21 26 0.05347275733947754 4 4 5 5
21 25 0.048241615295410156 4 4 4 8
21 25 0.048874616622924805 4 4 4 7
21 24 0.039127349853515625 4 4 4 6
21 24 0.027219772338867188 3 3 6 11
21 26 0.04854154586791992 4 4 5 6
21 24 0.03925466537475586 4 4 4 7
21 27 0.0310819149017334 4 4 4 10
21 22 0.029809236526489258 4 4 6 10
21 26 0.03610873222351074 4 4 4 8
21 25 0.03627896308898926 3 3 5 9
21 26 0.08793067932128906 4 3 4 8
21 24 0.026830196380615234 3 3 4 10
21 24 0.051397085189819336 4 4 6 7
21 24 0.08127403259277344 4 4 5 7
21 27 0.11185550689697266 4 3 4 8
21 28 0.04056882858276367 3 3 4 6
21 25 0.04453730583190918 4 4 4 7
21 24 0.03032088279724121 3 3 5 9
21 26 0.02859663963317871 2 2 4 8
21 29 0.1051321029663086 4 3 4 8
21 22 0.02750420570373535 4 4 4 10
21 24 0.028141498565673828 4 4 4 9
21 28 0.03558802604675293 2 2 4 8
21 28 0.05702543258666992 4 4 4 5
21 26 0.03338217735290527 4 4 4 9
21 24 0.04961562156677246 4 3 5 9
21 25 0.03538036346435547 5 5 5 7
21 27 0.03734898567199707 4 4 5 7
21 28 0.04112887382507324 3 3 4 6
21 26 0.03818535804748535 4 4 4 8
21 26 0.036675214767456055 5 5 6 7
21 20 0.0029861927032470703 3 3 6 11
21 24 0.03464627265930176 4 4 4 9
21 33 0.40126895904541016 3 3 5 6
21 24 0.03563952445983887 5 5 6 7
21 30 0.04874110221862793 3 3 4 7
21 25 0.031648874282836914 3 3 4 9
21 22 0.07919692993164062 4 3 6 7
21 24 0.03467726707458496 5 5 5 8
21 24 0.06152749061584473 4 3 6 9
21 21 0.07035422325134277 3 2 5 10
21 25 0.0326838493347168 3 3 6 8
21 22 0.030444860458374023 3 3 6 11
21 26 0.0854184627532959 3 3 6 6
21 25 0.08406782150268555 3 3 4 6
21 23 0.03842043876647949 3 3 6 7
21 28 0.05874371528625488 4 4 5 6
21 29 0.07750654220581055 3 3 4 6
21 27 0.04325127601623535 3 3 4 7
21 28 0.042532920837402344 3 3 4 6
21 23 0.06897211074829102 4 3 4 10
21 27 0.02905583381652832 2 2 4 10
21 22 0.023828744888305664 3 3 5 10
21 28 0.04506993293762207 3 3 4 6
21 24 0.03984665870666504 4 4 4 7
21 28 0.0363619327545166 3 3 4 7
21 24 0.0390467643737793 4 4 6 7
21 31 0.04317951202392578 3 3 4 7
21 38 0.2111377716064453 3 2 3 4
21 26 0.042432546615600586 3 3 5 6
22 24 0.10153770446777344 4 3 6 11
22 30 0.05112409591674805 4 4 4 7
22 34 1.9433348178863525 3 2 4 6
22 23 0.039301156997680664 3 3 5 9
22 28 0.09341168403625488 4 4 5 8
22 25 0.036205291748046875 3 3 4 10
22 30 1.1034955978393555 4 3 5 6
22 23 0.024567842483520508 2 2 4 12
22 22 0.027230501174926758 3 3 6 12
22 31 0.05962347984313965 4 4 4 5
22 26 0.13487672805786133 4 3 5 7
22 22 0.03396463394165039 3 3 4 10
22 27 0.04386138916015625 3 3 4 8
22 24 0.033365726470947266 3 3 5 10
22 25 0.040695905685424805 3 3 6 7
22 34 0.12807059288024902 3 2 4 5
22 26 0.034185171127319336 3 3 4 10
22 28 0.049990177154541016 3 3 5 6
22 31 0.09740376472473145 3 2 3 7
22 26 0.046306610107421875 4 4 5 6
22 37 0.060344696044921875 3 3 4 5
22 26 0.0338435173034668 3 3 4 9
22 28 0.04775357246398926 4 4 4 8
22 27 0.04371237754821777 4 4 4 7
22 21 0.002064228057861328 3 3 6 11
22 30 0.054860830307006836 4 4 4 6
22 29 0.04876828193664551 4 4 4 7
22 26 0.05159783363342285 4 4 5 6
22 22 0.023150920867919922 5 5 10 14
22 24 0.0349574089050293 4 4 4 9
22 21 0.002611398696899414 3 3 6 13
22 31 0.0985562801361084 3 2 4 5
22 23 0.04952692985534668 4 4 7 10
22 25 0.20255041122436523 4 3 5 8
22 30 0.0847005844116211 4 4 4 6
22 28 0.2724192142486572 4 4 5 6
22 24 0.03383922576904297 3 3 6 9
22 27 0.035331010818481445 4 4 4 8
22 28 0.04528069496154785 4 4 5 7
22 24 0.028589248657226562 2 2 4 13
22 31 0.06017804145812988 3 3 4 6
22 29 0.23581647872924805 4 3 5 6
22 26 0.03837227821350098 4 4 5 10
22 25 0.038808584213256836 4 4 5 9
22 25 0.02766704559326172 2 2 3 13
22 31 0.05774116516113281 3 3 4 6
22 29 0.21358704566955566 4 3 5 6
22 26 0.08116793632507324 4 3 5 9
22 25 0.04271841049194336 4 4 5 9
22 25 0.043732643127441406 3 3 6 7
22 26 0.035549163818359375 3 3 4 10
22 27 0.03736162185668945 3 3 4 10
22 27 0.04136514663696289 4 4 6 8
22 27 0.04128098487854004 5 5 5 7
22 28 0.5255286693572998 4 3 6 6
22 27 0.034448862075805664 3 3 3 10
22 30 0.04571866989135742 3 3 4 7
22 22 0.0322420597076416 3 3 6 9
22 26 0.03475451469421387 4 4 4 10
22 29 0.0456697940826416 3 3 5 6
22 24 0.031267404556274414 4 4 6 10
22 27 0.04636502265930176 4 4 4 7
22 25 0.04233264923095703 4 4 4 7
22 30 0.5372662544250488 4 3 5 5
22 27 0.0736548900604248 4 3 4 8
22 36 0.06721925735473633 3 3 4 5
22 25 0.03974175453186035 3 3 4 8
22 29 0.05969715118408203 3 3 4 5
22 25 0.15393805503845215 4 3 6 10
22 34 0.06769227981567383 3 3 4 5
22 26 0.0499112606048584 3 2 5 8
22 28 0.04627847671508789 4 4 4 7
22 26 0.08112406730651855 3 3 5 7
22 27 0.3783721923828125 4 2 5 7
22 30 0.09413313865661621 3 2 4 6
22 23 0.07274770736694336 4 3 5 9
22 30 0.05041360855102539 4 4 4 6
22 22 0.02740764617919922 2 2 4 13
22 22 0.03000164031982422 7 7 7 10
22 24 0.030878067016601562 3 3 6 10
22 29 0.08759784698486328 3 2 4 5
22 22 0.029268980026245117 3 3 6 10
22 25 0.08316159248352051 4 3 5 9
23 24 0.09074044227600098 4 3 6 8
23 25 0.04412031173706055 4 4 6 10
23 24 0.032219648361206055 3 3 6 13
23 22 0.002898693084716797 3 3 6 11
23 39 0.1634523868560791 3 2 5 5
23 25 0.02611994743347168 2 2 4 15
23 26 0.03885817527770996 4 4 7 10
23 24 0.04383969306945801 2 2 4 7
23 25 0.04453325271606445 4 4 4 8
23 24 0.029702186584472656 3 3 4 14
23 22 0.003553152084350586 3 3 6 9
23 29 1.0954082012176514 4 3 4 7
23 34 0.06122756004333496 3 3 4 7
23 27 0.03616762161254883 4 4 4 12
23 23 0.033321380615234375 3 3 4 11
23 24 0.03497719764709473 2 2 4 11
23 32 0.10523843765258789 2 2 4 6
23 28 0.04654955863952637 4 4 5 9
23 31 0.09611058235168457 3 3 5 7
23 28 0.04751181602478027 3 3 4 9
23 25 0.1346273422241211 4 3 6 7
23 25 0.14695048332214355 4 4 6 8
23 24 0.03290224075317383 2 2 4 10
23 24 0.08072423934936523 4 4 6 11
23 29 0.05237889289855957 3 3 4 8
23 28 0.05396699905395508 5 5 5 7
23 30 0.06880450248718262 3 3 4 7
23 27 0.05093073844909668 4 4 5 8
23 30 0.057178497314453125 4 4 5 8
23 28 0.04892277717590332 4 4 5 8
23 32 0.12421655654907227 3 3 4 5
23 27 0.18297576904296875 4 3 6 9
23 29 0.05981707572937012 3 3 5 6
23 29 0.058924198150634766 3 3 4 8
23 26 0.04082083702087402 7 7 7 9
23 27 0.05164790153503418 4 4 5 7
23 26 0.04280209541320801 3 3 6 9
23 35 0.06936168670654297 3 3 4 6
23 22 0.0034532546997070312 3 3 6 8
23 26 0.05228781700134277 4 4 5 8
23 28 0.04806399345397949 5 5 6 7
23 26 0.05393052101135254 3 3 5 7
23 38 0.0761415958404541 3 3 4 6
23 26 0.052793025970458984 4 4 6 8
23 31 0.0638880729675293 3 3 4 6
23 31 0.0516972541809082 3 3 6 6
23 30 0.09035015106201172 3 2 4 6
23 29 0.05509686470031738 4 4 5 8
23 28 0.07659912109375 3 3 4 7
23 27 0.05252504348754883 3 3 4 9
23 29 0.05021929740905762 4 4 6 7
23 34 0.06854009628295898 3 3 4 6
23 29 0.05155444145202637 3 3 5 7
23 31 0.060042619705200195 3 3 4 6
23 26 0.051805973052978516 4 4 7 8
23 34 0.11452913284301758 3 2 4 6
23 28 0.055823564529418945 4 4 5 7
23 29 0.11661911010742188 4 3 5 7
23 31 0.14210057258605957 3 3 4 6
23 32 0.058420658111572266 3 3 4 6
23 37 0.06886553764343262 3 3 5 6
23 25 0.04363417625427246 3 3 4 9
23 24 0.03678417205810547 4 4 5 11
23 27 0.04025411605834961 3 3 5 10
23 27 0.06288719177246094 3 3 5 8
23 23 0.0395054817199707 3 3 6 8
23 28 0.16048169136047363 3 3 6 9
23 29 0.06382369995117188 3 3 4 6
23 35 1.7179758548736572 4 3 4 6
23 25 0.23385190963745117 4 3 5 8
23 23 0.04189753532409668 3 3 6 8
23 25 0.045136213302612305 3 3 6 9
23 26 0.18955779075622559 4 3 6 9
23 27 0.05432915687561035 4 4 5 7
23 28 0.12374448776245117 4 4 6 8
23 25 0.04489612579345703 3 3 4 8
24 27 0.05021095275878906 4 4 5 9
24 28 0.04013657569885254 3 3 4 10
24 33 3.0824766159057617 4 3 6 7
24 35 0.06903266906738281 2 2 4 7
24 34 0.14280223846435547 3 3 5 6
24 25 0.04269552230834961 4 4 5 11
24 33 0.06658434867858887 3 3 4 7
24 23 0.002114534378051758 2 2 4 15
24 27 0.05388641357421875 3 3 4 8
24 28 0.05012059211730957 3 3 4 10
24 25 0.04655814170837402 3 3 4 10
24 32 0.06760692596435547 3 3 5 7
24 24 0.043016672134399414 5 5 8 10
24 25 0.045665740966796875 5 5 5 10
24 26 0.05381655693054199 3 3 5 7
24 28 0.050443172454833984 3 3 4 8
24 38 0.0865931510925293 3 3 4 5
24 25 0.10530734062194824 4 3 6 8
24 27 0.05769658088684082 5 5 6 8
24 29 0.04632091522216797 2 2 4 10
24 25 0.4456629753112793 4 3 6 8
24 32 0.06272172927856445 4 4 5 8
24 29 0.16686797142028809 4 4 6 8
24 28 0.06701016426086426 4 4 5 7
24 30 0.09805512428283691 3 3 5 8
24 27 0.05016136169433594 4 4 4 9
24 29 0.06846904754638672 3 3 4 7
24 27 0.06418848037719727 4 4 5 9
24 26 0.057401180267333984 5 5 6 8
24 27 0.047530412673950195 3 3 4 8
24 27 0.05024433135986328 4 4 8 8
24 34 1.8489718437194824 4 3 6 7
24 23 0.002548694610595703 3 3 6 12
24 36 0.07495760917663574 3 3 4 6
24 27 0.15985774993896484 3 3 6 8
24 28 0.07225799560546875 4 4 5 7
24 30 0.06606435775756836 4 4 6 7
24 30 0.05481147766113281 4 4 6 9
24 27 0.05788469314575195 4 4 5 8
24 28 0.08260989189147949 4 3 6 9
24 27 0.06851339340209961 4 4 5 6
24 29 0.11672472953796387 4 4 5 7
24 26 0.0525209903717041 3 3 6 8
24 28 0.06156802177429199 4 4 4 9
24 28 0.12111663818359375 4 4 5 9
24 28 0.054773569107055664 4 4 5 8
24 28 0.2907266616821289 5 4 5 9
24 25 0.03648972511291504 3 3 4 13
24 36 3.5055997371673584 4 3 5 6
24 31 0.33145999908447266 4 3 4 8
24 29 0.10185050964355469 4 4 4 7
24 35 0.07837629318237305 3 3 4 6
24 27 0.0608677864074707 3 2 4 9
24 28 0.05727982521057129 5 5 6 9
24 28 0.2523488998413086 4 3 5 8
24 27 0.046181678771972656 6 6 6 9
24 28 0.055567026138305664 3 3 5 8
24 33 0.11913824081420898 3 3 4 5
24 34 0.07335233688354492 4 4 4 6
24 30 0.0481874942779541 3 3 4 10
24 28 0.10962915420532227 4 3 7 8
24 28 0.04021406173706055 3 3 4 11
24 25 0.04323124885559082 3 3 6 9
24 32 0.2547633647918701 4 3 5 9
24 24 0.04583334922790527 4 4 6 11
24 30 0.0688924789428711 3 3 4 6
24 31 0.13722753524780273 3 2 5 7
24 30 0.052603960037231445 4 4 4 9
24 28 0.05759310722351074 3 3 4 7
24 32 0.5403542518615723 4 3 5 7
24 24 0.040576934814453125 3 3 6 10
24 25 0.0514225959777832 3 3 6 7
24 26 0.04801344871520996 5 5 6 9
25 32 0.09541654586791992 3 3 5 6
25 37 1.4492733478546143 4 3 5 8
25 25 0.06635761260986328 4 3 7 10
25 27 0.05890154838562012 4 4 6 9
25 28 0.0551450252532959 5 5 5 8
25 31 0.05203652381896973 3 3 4 10
25 27 0.06058073043823242 4 4 4 9
25 33 0.07726335525512695 3 3 5 8
25 29 0.1394026279449463 4 3 5 7
25 26 0.04700922966003418 2 2 4 10
25 29 0.37508082389831543 5 4 6 10
25 30 0.07012009620666504 4 4 5 7
25 29 0.05623674392700195 4 4 6 9
25 26 0.5088984966278076 4 3 5 8
25 27 0.05974769592285156 4 4 5 9
25 31 0.07717537879943848 4 4 5 7
25 29 0.06708955764770508 3 3 6 10
25 26 0.09099793434143066 4 3 6 11
25 26 0.06363081932067871 4 4 5 8
25 27 0.05478858947753906 5 5 6 9
25 26 0.053377389907836914 3 3 4 9
25 29 0.05119156837463379 3 3 4 9
25 30 0.07640671730041504 3 3 5 8
25 26 0.04580092430114746 2 2 4 10
25 27 0.06503915786743164 3 3 6 8
25 29 0.06246352195739746 4 4 5 8
25 26 0.052617549896240234 5 5 6 9
25 27 0.05842781066894531 6 6 7 8
25 33 0.07848119735717773 4 4 5 7
25 37 0.0806114673614502 3 3 4 8
25 32 0.08113956451416016 3 3 5 6
25 30 0.2755398750305176 4 3 6 8
25 32 3.413341999053955 4 3 6 8
25 26 0.1933422088623047 4 3 7 10
25 33 0.1524977684020996 3 2 4 9
25 36 0.11715245246887207 3 3 4 6
25 33 1.1628365516662598 4 3 5 7
25 26 0.040493011474609375 5 5 5 15
25 26 0.09669709205627441 6 6 6 9
25 31 0.13078570365905762 4 4 5 7
25 28 0.042372941970825195 3 3 4 13
25 30 0.14025664329528809 3 2 5 6
25 32 0.28305578231811523 4 3 6 8
25 35 0.08861994743347168 3 3 5 5
25 28 0.04441952705383301 3 3 4 13
25 28 0.05429959297180176 3 3 4 13
25 29 0.1524796485900879 4 3 7 10
25 42 0.0927577018737793 3 3 4 7
25 32 0.08650851249694824 3 3 5 7
25 37 0.08329486846923828 3 3 4 6
25 30 0.07114362716674805 4 4 6 7
25 30 0.11053824424743652 4 4 5 7
25 32 0.07409262657165527 5 5 5 8
25 36 0.13243794441223145 4 4 4 5
25 29 0.06485676765441895 4 4 6 8
25 29 0.09216022491455078 3 3 4 8
25 29 2.0504188537597656 5 3 6 8
25 28 0.05573678016662598 3 2 4 12
25 32 0.8527066707611084 4 3 5 7
25 28 0.04618048667907715 3 3 4 13
25 32 0.06897187232971191 4 4 5 8
25 26 0.05636286735534668 3 3 6 10
25 31 0.664085865020752 4 3 5 7
25 29 0.06145620346069336 3 3 5 9
25 27 0.045575618743896484 5 5 6 10
25 28 0.06034445762634277 4 4 5 9
25 30 0.07395124435424805 4 4 5 7
25 29 0.06393098831176758 4 4 4 7
25 28 0.06159687042236328 4 4 4 8
25 28 0.20754551887512207 4 3 5 9
25 29 0.17452526092529297 4 3 5 8
25 29 0.06609892845153809 4 4 5 8
25 29 0.05554485321044922 3 3 6 9
25 31 0.05878806114196777 4 4 5 9
25 34 0.08156275749206543 3 3 4 6
25 35 0.09678053855895996 3 3 4 7
25 27 0.06544709205627441 3 2 5 9
25 29 0.07661128044128418 3 3 6 9
25 31 0.09073162078857422 3 3 5 8
25 29 0.06367349624633789 5 5 6 9
25 29 0.06494522094726562 3 3 5 9
25 26 0.05901908874511719 3 2 5 10
25 29 0.05612635612487793 3 3 5 10
25 25 0.08424544334411621 4 4 8 10
25 24 0.0029442310333251953 2 2 4 10
25 28 0.07472586631774902 3 3 6 8
26 36 0.1292128562927246 3 3 4 5
26 30 0.22440171241760254 4 3 6 9
26 33 0.07742500305175781 3 3 5 8
26 32 0.0837407112121582 4 4 4 8
26 28 0.04507136344909668 2 2 4 14
26 26 0.0509798526763916 4 4 8 13
26 28 0.06202077865600586 5 5 5 9
26 29 0.1831529140472412 3 3 6 8
26 28 0.06196308135986328 3 3 6 11
26 26 0.0487673282623291 3 3 6 14
26 28 0.0719146728515625 4 4 6 8
26 34 0.06667041778564453 4 4 5 8
26 27 0.05987286567687988 3 3 6 9
26 27 0.062390804290771484 4 4 5 8
26 32 0.09366631507873535 4 4 5 6
26 30 0.07842040061950684 5 5 5 8
26 28 0.0648651123046875 4 4 6 10
26 29 0.06726956367492676 3 3 6 10
26 29 0.07457613945007324 3 3 4 8
26 36 3.077380418777466 4 3 4 6
26 27 0.0599675178527832 4 4 4 9
26 31 0.07040190696716309 3 3 6 10
26 27 0.13694310188293457 4 3 6 8
26 33 0.0826117992401123 3 3 5 8
26 31 0.08358120918273926 4 4 6 7
26 26 0.05174732208251953 3 2 5 13
26 28 0.04347825050354004 3 3 6 14
26 27 0.04694533348083496 2 2 4 11
26 30 0.061678409576416016 3 3 4 9
26 30 0.0876760482788086 4 4 5 6
26 36 1.4168219566345215 4 3 5 9
26 33 0.0749351978302002 5 5 5 8
26 26 0.06319236755371094 5 5 6 8
26 29 0.05723309516906738 3 3 5 11
26 29 0.05519819259643555 4 4 4 12
26 32 0.07042098045349121 5 5 6 8
26 32 0.5455589294433594 4 3 5 7
26 38 0.10796165466308594 3 3 4 6
26 31 1.642014741897583 5 5 6 7
26 36 0.09443879127502441 3 3 5 7
26 30 0.06908488273620605 3 3 6 10
26 30 1.4797203540802002 5 4 8 11
26 31 0.07806229591369629 4 4 6 8
26 28 0.06106829643249512 4 4 5 11
26 31 0.059691667556762695 4 4 4 10
26 29 1.0165894031524658 5 4 8 9
26 29 0.5929358005523682 5 4 6 9
26 34 0.2765238285064697 3 2 4 6
26 31 0.06199336051940918 4 4 7 10
26 29 0.06780648231506348 5 5 6 9
26 32 0.33261942863464355 4 3 7 9
26 35 5.174880027770996 4 3 4 7
26 28 0.0924372673034668 5 5 6 11
26 31 1.273385763168335 4 4 6 8
26 38 0.1155695915222168 3 3 4 5
26 31 0.0596776008605957 4 4 5 9
26 29 0.20501255989074707 4 3 6 8
26 34 0.16594743728637695 3 3 5 6
26 32 0.09612917900085449 4 4 5 8
26 32 0.07718157768249512 4 4 4 9
26 32 0.26369619369506836 4 4 6 10
26 26 0.554166316986084 5 4 8 10
26 31 0.07074880599975586 4 4 4 9
26 36 2.3112196922302246 4 3 6 8
26 28 0.05193781852722168 4 4 5 11
26 30 0.10723376274108887 4 4 5 10
26 32 0.07920622825622559 3 3 5 7
26 32 0.08807945251464844 4 4 5 6
26 34 0.09345722198486328 3 3 5 7
26 36 0.08809399604797363 3 3 4 6
26 37 1.3568284511566162 4 3 5 7
26 36 0.09536123275756836 4 4 5 7
26 28 0.1395263671875 4 4 6 10
26 27 0.057421207427978516 4 4 5 9
26 34 0.6436595916748047 4 3 6 10
26 32 0.0853126049041748 3 3 4 7
26 27 0.06965160369873047 3 3 6 10
26 27 0.044388532638549805 3 3 6 13
26 28 1.0050990581512451 5 4 6 9
26 32 0.11513400077819824 4 4 5 9
26 27 0.05895543098449707 4 4 6 9
26 42 0.12878704071044922 4 4 4 5
26 27 0.0653989315032959 5 5 6 11
27 28 0.057572364807128906 4 4 4 11
27 31 0.07848167419433594 3 3 4 9
27 30 0.3826160430908203 5 4 6 9
27 36 0.08879446983337402 3 3 4 8
27 31 1.0183963775634766 5 4 6 8
27 33 0.5655882358551025 4 3 5 8
27 28 0.0753488540649414 4 4 5 9
27 29 0.09167075157165527 4 4 5 9
27 36 1.3169665336608887 4 3 5 7
27 27 0.059592247009277344 3 3 6 13
27 31 0.06613492965698242 4 4 5 11
27 31 0.07214927673339844 4 4 5 10
27 33 0.10316991806030273 3 3 6 7
27 32 0.6958091259002686 4 3 6 7
27 31 0.14259600639343262 4 4 5 8
27 30 0.10182762145996094 4 4 5 6
27 33 0.4016404151916504 4 3 5 7
27 31 0.4634380340576172 4 3 5 12
27 35 0.0879361629486084 4 4 6 7
27 29 0.08617806434631348 3 3 6 8
27 29 0.06670379638671875 5 5 5 10
27 30 0.06707382202148438 6 6 6 9
27 37 0.11113381385803223 3 3 6 6
27 28 0.05818653106689453 4 4 6 9
27 29 0.061258554458618164 4 4 4 11
27 35 0.30780720710754395 4 3 5 7
27 32 0.08932352066040039 5 5 5 9
27 31 1.3118345737457275 5 4 6 8
27 36 0.2667732238769531 4 3 5 9
27 39 0.10664176940917969 3 3 5 7
27 30 0.7249782085418701 4 3 5 9
27 35 0.11763763427734375 3 3 5 6
27 30 0.11278557777404785 4 4 6 9
27 31 0.41914939880371094 5 4 6 9
27 30 0.06864118576049805 4 4 6 8
27 32 0.08978843688964844 3 3 6 10
27 27 0.0545346736907959 3 3 6 11
27 30 0.07889008522033691 5 5 6 8
27 37 0.10995960235595703 4 4 4 7
27 35 0.0929417610168457 5 5 6 8
27 28 0.07283830642700195 5 5 7 10
27 38 1.2067620754241943 4 3 5 6
27 33 0.09784388542175293 4 4 6 7
27 37 2.875551462173462 4 3 5 5
27 33 0.07144522666931152 3 3 5 10
27 35 0.11557221412658691 4 4 5 7
27 30 0.06304287910461426 6 6 7 11
27 34 3.9630520343780518 5 4 6 8
27 31 0.1036381721496582 6 6 7 11
27 33 0.06950688362121582 3 3 4 10
27 34 0.09981465339660645 5 5 6 7
27 31 0.06638836860656738 7 7 7 9
27 31 0.05535626411437988 3 3 4 11
27 32 0.26599669456481934 5 4 6 9
27 31 0.07284069061279297 5 5 5 10
27 35 0.10796308517456055 3 3 5 7
27 36 0.08837604522705078 4 4 5 8
27 28 0.594348669052124 5 4 8 12
27 34 0.20233440399169922 4 3 5 8
27 32 0.10187530517578125 4 4 5 6
27 35 0.13710880279541016 3 3 6 6
27 37 0.1184086799621582 4 4 5 7
27 37 0.10994958877563477 3 3 5 6
27 33 2.5786049365997314 4 3 6 9
27 32 0.09010529518127441 4 4 6 8
27 27 0.05391573905944824 3 3 6 13
27 29 0.1274707317352295 4 3 6 11
27 27 0.06249046325683594 3 3 6 11
27 28 0.07929229736328125 3 3 6 7
27 34 0.3754708766937256 4 4 5 7
27 31 0.07186055183410645 6 6 6 9
27 32 0.10107231140136719 5 5 6 7
27 31 0.1833651065826416 4 4 6 9
27 34 0.08840513229370117 5 5 5 9
27 37 0.11838293075561523 3 3 5 6
27 36 0.15563607215881348 4 4 5 7
27 32 0.08494758605957031 5 5 5 9
27 30 0.07263326644897461 3 3 5 10
27 32 0.36306285858154297 4 4 5 8
27 33 0.09498071670532227 3 3 4 7
27 31 0.32640576362609863 4 3 5 9
27 35 0.30621981620788574 3 3 6 7
27 35 0.30934953689575195 4 3 6 7
27 32 0.23039841651916504 4 3 6 7
27 35 1.0646772384643555 4 3 4 8
27 31 0.08079409599304199 4 4 6 8
27 29 0.07008743286132812 4 4 8 12
27 27 0.046433210372924805 2 2 4 15
27 29 0.07338261604309082 3 3 6 10
27 31 0.7659456729888916 4 3 5 7
27 27 0.05581307411193848 4 4 8 12
27 32 0.08549189567565918 3 3 4 9
27 30 0.07812237739562988 3 3 6 9
28 31 0.07843399047851562 3 3 6 10
28 38 0.1309032440185547 4 4 5 6
28 32 0.09311389923095703 4 4 6 8
28 30 0.08350539207458496 4 4 4 10
28 38 3.455538749694824 4 3 5 6
28 36 0.12572145462036133 3 3 4 6
28 31 0.11268973350524902 4 4 6 7
28 29 0.06884932518005371 3 3 6 12
28 29 0.375469446182251 4 4 6 9
28 33 0.456803560256958 4 3 6 8
28 30 6.974330186843872 6 5 6 9
28 32 0.1491403579711914 5 5 5 8
28 30 0.10817456245422363 4 4 6 8
28 35 0.16963458061218262 3 3 6 8
28 31 0.9065709114074707 5 4 6 8
28 38 44.30288505554199 5 4 5 8
28 36 0.11924314498901367 3 3 6 8
28 32 0.07546281814575195 2 2 4 11
28 34 0.09791254997253418 5 5 7 8
28 30 0.07157540321350098 3 3 6 10
28 29 0.48918747901916504 5 5 6 9
28 33 0.5173313617706299 4 3 6 7
28 41 9.453197002410889 4 3 5 7
28 36 0.1187586784362793 4 4 4 8
28 36 0.597895622253418 4 4 5 7
28 30 0.07309389114379883 3 3 6 10
28 32 4.88423228263855 5 4 5 7
28 32 0.07984185218811035 4 4 8 9
28 34 0.08527588844299316 4 4 5 10
28 29 0.11292552947998047 4 3 5 14
28 35 0.09808802604675293 4 4 5 9
28 30 0.06316423416137695 3 3 6 12
28 36 0.3923933506011963 3 3 4 6
28 34 0.1025080680847168 4 4 6 8
28 37 1.8240687847137451 4 4 5 9
28 37 0.10554099082946777 3 3 4 9
28 32 0.37754178047180176 5 5 6 11
28 32 0.16179800033569336 5 5 6 8
28 29 0.08322525024414062 2 2 4 9
28 29 0.08992385864257812 3 2 4 11
28 35 0.09439492225646973 3 3 4 9
28 30 0.07466793060302734 3 3 5 10
28 33 0.09351468086242676 3 3 6 9
28 39 0.14279818534851074 4 4 4 7
28 33 0.7449336051940918 4 4 5 8
28 34 0.09632325172424316 4 4 5 10
28 32 0.09072422981262207 5 5 6 10
28 34 2.8551998138427734 4 4 6 8
28 36 0.49101710319519043 4 3 5 10
28 37 0.4016456604003906 5 5 6 7
28 35 0.08968234062194824 4 4 8 8
28 37 11.613160133361816 6 5 7 8
28 31 0.23285603523254395 4 3 7 10
28 31 0.0832216739654541 5 5 6 9
28 36 0.11927938461303711 4 4 5 7
28 39 8.406242609024048 4 3 5 7
28 49 23.292891263961792 4 3 4 7
28 29 0.07141423225402832 5 5 7 12
28 36 0.41285228729248047 4 3 5 7
28 40 0.10178756713867188 4 4 5 9
28 32 0.08474993705749512 3 3 5 9
28 36 10.046823740005493 5 4 6 8
28 32 0.8226017951965332 5 4 8 12
28 28 0.06507420539855957 3 2 4 13
28 33 3.8427553176879883 5 3 6 9
28 37 0.5096333026885986 4 4 5 9
28 33 0.1039118766784668 4 4 5 8
28 37 1.779700756072998 4 3 5 8
28 35 17.11645746231079 5 4 8 9
28 33 0.39487385749816895 4 3 6 10
28 34 0.08844161033630371 3 3 5 10
28 36 0.12600421905517578 3 3 5 6
28 32 0.07967805862426758 3 3 6 9
28 36 1.3361501693725586 4 3 6 8
28 36 2.3048768043518066 5 4 6 9
28 31 0.0753488540649414 3 3 5 12
28 33 0.1334362030029297 3 3 5 9
28 29 0.08455872535705566 3 3 6 9
28 31 2.1855523586273193 4 3 6 8
28 35 0.22182250022888184 3 3 5 8
28 35 0.11554384231567383 4 4 6 8
29 36 0.09984636306762695 4 4 8 10
29 32 0.12095856666564941 4 4 6 8
29 39 9.191617727279663 4 3 5 7
29 33 5.426737546920776 5 4 6 9
29 29 0.1269693374633789 5 5 8 11
29 31 0.09311771392822266 4 4 8 10
29 30 0.0840766429901123 6 6 8 11
29 36 0.11873483657836914 4 4 4 8
29 29 0.0775909423828125 5 5 10 12
29 36 0.1279129981994629 4 4 5 7
29 35 0.12105417251586914 3 3 5 8
29 32 0.16019463539123535 4 3 6 12
29 35 0.06967639923095703 3 3 3 13
29 36 2.017930746078491 4 3 5 6
29 34 18.224758863449097 5 4 7 9
29 33 0.12848448753356934 4 4 6 9
29 40 0.13421988487243652 3 3 4 7
29 31 0.05997753143310547 3 3 4 16
29 31 0.40804290771484375 4 3 6 8
29 41 0.13966965675354004 4 4 5 7
29 34 0.10435342788696289 4 4 6 8
29 34 2.7886078357696533 4 4 6 7
29 38 0.13117051124572754 4 4 5 7
29 34 0.10131645202636719 4 4 5 8
29 36 0.7654309272766113 4 4 5 7
29 40 1.3141288757324219 4 3 6 8
29 38 0.11099648475646973 5 5 5 8
29 30 0.11226058006286621 3 3 6 13
29 43 0.14504337310791016 4 4 5 8
29 28 0.0031709671020507812 3 3 6 13
29 32 0.08137822151184082 3 3 4 13
29 34 0.09972906112670898 4 4 8 8
29 35 0.11504507064819336 5 5 6 8
29 34 1.262800931930542 4 3 5 7
29 35 0.1119990348815918 4 4 5 8
29 30 0.08503890037536621 4 4 6 10
29 33 0.08440184593200684 4 4 5 11
29 33 0.07480812072753906 4 4 8 12
29 32 0.08641529083251953 6 6 8 11
29 35 0.6918017864227295 4 4 6 8
29 40 9.021353721618652 4 3 5 7
29 34 0.7427823543548584 5 5 7 9
29 37 0.10521316528320312 4 4 5 9
29 35 0.08501672744750977 4 4 8 11
29 39 26.59914255142212 5 4 5 9
29 35 0.08333206176757812 4 4 6 11
29 39 0.2115330696105957 4 4 5 8
29 43 0.22180533409118652 3 3 5 6
29 35 1.857048749923706 4 4 6 8
29 37 0.12982749938964844 4 4 6 8
29 30 0.07427763938903809 8 8 8 11
29 36 9.152763366699219 5 4 6 7
29 36 0.12140488624572754 5 5 6 7
29 35 0.12144112586975098 5 5 5 8
29 38 0.1320664882659912 4 4 5 7
29 34 3.4187204837799072 5 4 8 10
29 34 0.1276259422302246 3 3 5 9
29 38 0.13981080055236816 4 4 5 7
29 36 0.11052608489990234 3 3 4 10
29 43 11.217206001281738 4 3 5 6
29 40 0.14501261711120605 4 4 5 7
29 40 6.359332084655762 4 3 5 7
29 33 0.09783720970153809 4 4 5 9
29 40 41.897478342056274 4 3 5 7
29 36 0.8323819637298584 4 3 6 7
29 37 4.075063943862915 4 3 6 7
29 38 0.22957968711853027 4 4 6 7
29 30 0.24402689933776855 3 3 6 8
29 35 0.12491798400878906 3 3 6 7
30 35 0.1429445743560791 5 5 5 8
30 34 0.09876704216003418 6 6 6 12
30 31 0.08618879318237305 4 4 5 12
30 34 0.08128666877746582 4 4 6 12
30 40 0.14340734481811523 4 4 5 9
30 39 0.14126110076904297 4 4 5 7
30 38 0.1615467071533203 3 2 4 12
30 39 5.676818132400513 4 3 4 7
30 35 0.848503828048706 5 4 7 8
30 36 7.920781850814819 5 4 6 8
30 34 0.5511271953582764 4 4 6 11
30 33 0.10726642608642578 4 4 5 9
30 40 0.1408555507659912 3 3 5 8
30 37 2.891774892807007 4 3 7 8
30 39 8.10375452041626 4 3 6 8
30 44 39.66231346130371 3 3 5 5
30 40 0.15562033653259277 4 4 5 8
30 40 2.6117992401123047 4 3 5 7
30 38 0.10574889183044434 4 4 8 9
30 32 0.1018524169921875 5 5 5 11
30 34 0.1064765453338623 4 4 5 9
30 32 0.10929155349731445 3 3 6 9
30 37 0.09990668296813965 3 3 6 11
30 41 0.3739433288574219 3 3 4 6
30 40 0.17488861083984375 3 3 4 8
30 33 0.12933897972106934 5 5 7 8
30 33 0.1354067325592041 6 6 7 10
30 31 0.10259580612182617 4 4 8 10
30 32 0.1024789810180664 6 6 7 11
30 36 0.15546751022338867 5 5 6 9
30 40 0.17138051986694336 3 3 6 7
30 33 3.233501434326172 5 4 6 9
30 35 0.16641473770141602 4 4 6 6
30 37 0.12436461448669434 4 4 6 9
30 40 0.15426993370056152 4 4 5 10
30 35 0.09692096710205078 6 6 7 11
30 36 0.1363680362701416 4 4 6 7
30 33 0.10460066795349121 4 4 6 12
30 36 0.12036943435668945 4 4 6 11
30 38 0.1253063678741455 6 6 6 8
30 37 8.771423578262329 5 3 7 9
30 46 0.25959110260009766 3 3 5 6
30 38 0.5467982292175293 3 3 5 8
30 42 11.382566213607788 4 3 5 7
30 44 0.2081766128540039 3 3 4 6
30 37 10.396007537841797 4 4 6 9
30 45 0.3789081573486328 3 3 5 6
30 33 0.0873558521270752 4 4 5 14
30 33 0.09370946884155273 3 3 4 11
30 34 0.10656380653381348 4 4 6 11
30 37 0.45021653175354004 4 3 4 13
30 34 0.14984869956970215 4 4 6 8
30 38 2.595869779586792 4 4 6 9
30 41 2.8066141605377197 4 3 5 6
30 35 0.09776473045349121 4 4 6 11
30 39 0.14908576011657715 3 3 6 8
30 39 2.627969741821289 4 4 5 8
30 37 4.894099950790405 4 4 6 9
30 36 2.421908378601074 4 3 5 8
30 35 0.9126591682434082 3 3 5 10
30 32 1.913146734237671 4 3 6 8
30 34 0.13617372512817383 4 4 6 8
31 34 0.12963509559631348 4 4 6 9
31 37 0.1190648078918457 4 4 5 10
31 36 0.09994387626647949 6 6 6 10
31 36 0.1084737777709961 6 6 6 10
31 36 0.24496150016784668 4 4 6 8
31 36 0.09934687614440918 6 6 6 10
31 37 0.2821924686431885 4 4 6 8
31 36 0.10268044471740723 6 6 6 10
31 36 0.10600709915161133 6 6 6 10
31 36 0.11512541770935059 6 6 6 10
31 36 0.10761570930480957 6 6 6 10
31 37 0.14645981788635254 5 5 6 10
31 37 0.1161041259765625 6 6 6 10
31 36 0.10378336906433105 6 6 6 10
31 36 0.11101841926574707 6 6 6 10
31 36 0.24512577056884766 4 4 6 8
31 36 0.10129308700561523 6 6 6 10
31 37 0.10590291023254395 6 6 6 10
31 43 88.65744495391846 4 3 6 7
31 38 0.14380979537963867 5 5 6 10
31 37 3.3536462783813477 4 3 6 7
31 36 0.2443397045135498 4 4 6 8
31 37 0.24596214294433594 4 4 6 8
31 36 0.24279475212097168 4 4 6 8
31 37 0.174360990524292 4 4 5 8
31 36 0.24368572235107422 4 4 6 8
31 36 0.10070562362670898 6 6 6 10
31 36 0.10013771057128906 6 6 6 10
31 35 0.0945272445678711 4 4 6 14
31 36 0.2428584098815918 4 4 6 8
31 36 0.14504027366638184 6 6 6 10
31 34 4.884640216827393 5 4 6 10
31 37 46.28210377693176 5 4 6 9
31 50 0.20408225059509277 3 3 5 7
31 36 0.1497054100036621 5 5 6 9
31 40 0.17184758186340332 4 4 5 8
31 38 1.679234504699707 4 3 6 9
31 41 0.15825939178466797 4 4 6 8
31 37 0.1412050724029541 4 4 5 9
31 44 0.36820411682128906 4 4 5 7
31 44 3.1158554553985596 4 3 5 8
31 45 0.2780907154083252 3 3 5 7
31 50 50.202406883239746 4 3 5 6
31 37 17.956062078475952 5 4 6 10
31 34 34.44493651390076 6 4 8 11
31 46 0.2127382755279541 3 3 4 7
31 40 0.22827386856079102 4 4 5 7
31 41 0.424100399017334 3 3 4 7
31 40 0.14223384857177734 6 6 6 8
31 41 0.17630434036254883 4 4 5 8
31 39 0.13511395454406738 4 4 5 10
31 40 29.5476553440094 5 4 6 8
31 34 0.09061193466186523 4 4 6 12
31 40 3.256587028503418 5 4 6 8
31 40 0.14607596397399902 3 3 6 10
31 33 0.7871475219726562 5 4 6 12
31 38 0.13470959663391113 5 5 5 10
31 33 0.10225462913513184 5 5 8 10
31 39 1.1514058113098145 4 4 5 8
31 36 0.09667563438415527 5 5 7 14
31 40 0.18637824058532715 4 4 5 8
31 41 0.170867919921875 4 4 6 7
31 37 0.9830527305603027 4 3 6 10
31 35 0.14923429489135742 6 6 6 11
31 37 0.08168673515319824 3 3 4 14
31 32 0.1118168830871582 3 3 6 14
31 40 0.16910481452941895 3 3 5 10
31 36 0.6951875686645508 3 3 6 9
31 43 0.4552013874053955 3 3 5 8
31 32 0.24300241470336914 4 3 7 14
31 40 0.9570751190185547 3 2 4 7
31 36 0.24855828285217285 4 4 6 8
31 37 0.13283586502075195 5 5 6 10
31 32 1.717517614364624 5 5 8 13
31 36 0.0921475887298584 4 4 6 14
31 39 0.1405928134918213 5 5 5 10
31 35 0.4173088073730469 3 3 6 8
31 35 0.31209850311279297 5 5 7 10
31 36 0.09907865524291992 6 6 6 10
31 36 0.24701428413391113 4 4 6 8
31 38 0.49308276176452637 4 4 6 7
31 36 0.10136866569519043 6 6 6 10
31 36 0.2772862911224365 4 4 6 8
31 41 0.4369988441467285 4 4 5 7
31 35 0.09571719169616699 6 6 6 12
32 32 0.09098148345947266 3 3 6 12
32 37 0.18279361724853516 4 4 6 7
32 38 9.632715940475464 6 5 8 9
32 38 0.19395160675048828 6 6 6 8
32 36 0.15262269973754883 5 5 6 12
32 38 11.222389936447144 4 4 6 8
32 38 29.184810638427734 5 4 6 8
32 39 4.669250249862671 6 6 7 10
32 33 0.10358428955078125 3 3 6 12
32 37 0.18534469604492188 4 4 6 7
32 40 0.1717243194580078 4 4 6 9
32 39 0.13864707946777344 6 6 6 10
32 40 0.16086363792419434 4 4 5 10
32 37 0.15952658653259277 4 4 7 12
32 37 4.305239677429199 4 4 5 10
32 38 0.1858227252960205 4 4 6 7
32 35 0.1181788444519043 5 5 7 14
32 37 0.5655961036682129 5 5 10 11
32 37 0.2645578384399414 5 5 7 10
32 38 0.1469721794128418 4 4 6 10
32 41 0.19379281997680664 6 6 6 9
32 40 0.13956189155578613 6 6 6 10
32 35 0.3690917491912842 5 4 6 13
32 39 6.633084774017334 5 5 7 8
32 35 0.19895243644714355 4 4 6 9
32 36 0.11160755157470703 6 6 7 10
32 35 0.1488814353942871 4 4 6 10
32 36 0.09618449211120605 4 4 5 12
32 41 0.31377100944519043 3 3 5 10
32 38 0.19315552711486816 4 4 6 7
32 38 0.12504029273986816 5 5 5 14
32 37 0.19492268562316895 4 4 6 7
32 38 2.379084587097168 4 3 6 9
32 40 0.1773085594177246 5 5 6 8
32 37 0.5952551364898682 5 4 8 13
32 33 0.11655640602111816 4 4 6 10
32 37 0.19190359115600586 4 4 6 7
32 36 0.11851024627685547 5 5 7 11
32 35 0.09226489067077637 4 4 6 14
32 33 0.09055066108703613 3 3 6 12
32 38 0.20186352729797363 5 5 6 9
32 38 0.18661952018737793 4 4 5 7
32 40 1.1769373416900635 4 4 6 8
32 38 17.862496614456177 4 4 7 8
32 33 0.09140753746032715 3 3 6 12
32 38 8.20528507232666 6 4 9 13
32 36 0.26357054710388184 4 4 6 8
32 32 0.08964180946350098 3 3 6 12
32 34 0.09922027587890625 4 4 6 12
32 37 0.17673254013061523 4 4 6 8
32 34 0.7654273509979248 5 5 6 11
32 37 0.1316087245941162 4 4 6 10
32 37 3.9225704669952393 5 4 8 11
32 39 0.14824414253234863 4 4 5 9
32 41 0.23779606819152832 4 4 5 8
32 45 0.2061009407043457 4 4 5 7
32 38 12.993732213973999 5 4 8 10
32 37 0.13477325439453125 4 4 6 10
32 50 0.183610200881958 4 4 5 9
32 45 2.3617920875549316 4 4 5 7
32 44 20.68121337890625 4 3 5 8
32 35 0.6851239204406738 5 4 7 12
32 42 1.5340242385864258 4 3 5 7
32 44 0.21308159828186035 4 4 5 7
32 38 6.653951644897461 5 4 6 11
32 41 14.02709150314331 5 4 6 7
32 42 0.1848299503326416 4 4 5 7
32 36 16.596245765686035 6 5 7 9
32 35 0.17314481735229492 5 5 6 10
32 39 0.31795382499694824 4 4 8 11
32 34 0.10694336891174316 6 6 8 13
32 43 0.19361543655395508 5 5 5 9
32 36 0.1457977294921875 4 4 6 9
32 42 0.17731213569641113 3 3 4 10
32 34 0.42108964920043945 5 5 7 11
32 37 1.8105461597442627 6 5 10 12
32 34 2.0069923400878906 5 3 7 11
32 41 1.4953863620758057 4 3 6 10
