5 7 0.0011341571807861328 1 1 2 2
5 6 0.0007812976837158203 2 2 2 2
5 7 0.0008459091186523438 1 1 2 2
5 7 0.0008351802825927734 1 1 2 2
5 6 0.0007965564727783203 2 2 2 2
5 6 0.0008037090301513672 2 2 2 2
5 7 0.0008394718170166016 1 1 2 2
5 6 0.0008809566497802734 2 2 2 2
5 5 0.0008156299591064453 2 2 2 2
5 6 0.0008199214935302734 2 2 2 2
6 9 0.0012121200561523438 1 1 2 3
6 7 0.001165628433227539 2 2 2 3
6 7 0.0011429786682128906 2 2 2 3
6 7 0.0011744499206542969 2 2 3 3
6 8 0.0011544227600097656 2 2 2 3
6 6 0.0010874271392822266 3 3 3 3
6 8 0.0011546611785888672 2 2 2 3
6 8 0.001504659652709961 2 2 2 3
6 7 0.001157999038696289 2 2 2 3
6 9 0.0012118816375732422 1 1 2 3
7 11 0.0019030570983886719 2 1 2 3
7 9 0.0016393661499023438 2 2 2 3
7 10 0.0017392635345458984 2 2 2 3
7 9 0.0017583370208740234 2 2 2 3
7 9 0.0016129016876220703 2 2 2 3
7 9 0.001669168472290039 2 2 2 3
7 10 0.0017414093017578125 2 2 2 3
7 10 0.0017366409301757812 2 2 2 3
7 11 0.0018439292907714844 1 1 2 2
7 10 0.0017042160034179688 2 2 2 3
8 11 0.002743244171142578 2 2 3 3
8 10 0.0038030147552490234 3 3 3 3
8 12 0.003815889358520508 2 2 2 4
8 11 0.004029273986816406 2 2 2 3
8 11 0.003342151641845703 2 2 3 3
8 12 0.0022313594818115234 2 2 2 4
8 11 0.0023298263549804688 2 2 2 3
8 9 0.002069711685180664 3 3 3 4
8 10 0.0022690296173095703 3 3 3 3
8 12 0.0023369789123535156 2 2 2 3
9 14 0.0030601024627685547 2 2 2 3
9 13 0.003101825714111328 2 2 3 3
9 13 0.003085613250732422 2 2 3 4
9 11 0.0029892921447753906 3 3 3 4
9 13 0.0032160282135009766 2 2 2 3
9 12 0.003064870834350586 2 2 3 4
9 13 0.003197193145751953 2 2 3 3
9 15 0.003390789031982422 2 1 2 3
9 11 0.0029213428497314453 3 3 3 4
9 12 0.004388332366943359 2 2 2 4
10 13 0.007029294967651367 2 2 3 4
10 12 0.004632234573364258 3 3 3 4
10 12 0.0037298202514648438 3 3 3 4
10 16 0.0046901702880859375 2 2 3 3
10 13 0.003860950469970703 3 3 3 4
10 14 0.004214048385620117 2 2 3 4
10 12 0.003634929656982422 3 3 3 4
10 15 0.004099845886230469 2 2 3 4
10 12 0.0037827491760253906 3 3 3 4
10 12 0.0036916732788085938 4 4 4 4
11 16 0.005715370178222656 2 2 3 4
11 18 0.010770559310913086 2 2 3 4
11 16 0.007611989974975586 2 2 3 3
11 14 0.004911661148071289 3 3 3 5
11 17 0.005524396896362305 2 2 2 4
11 15 0.004681825637817383 3 3 3 5
11 17 0.005704402923583984 2 2 2 4
11 16 0.005702495574951172 2 2 3 4
11 16 0.0057680606842041016 2 2 3 4
11 17 0.005974531173706055 2 2 3 4
12 15 0.006580829620361328 3 3 4 5
12 18 0.0075225830078125 2 2 3 4
12 16 0.0064432621002197266 3 3 3 5
12 17 0.01181340217590332 3 2 3 5
12 17 0.008562803268432617 2 2 3 5
12 15 0.0073201656341552734 3 3 3 5
12 15 0.006753444671630859 4 4 4 6
12 17 0.007262706756591797 2 2 3 4
12 18 0.007061004638671875 2 2 3 5
12 17 0.006295204162597656 3 3 3 5
13 15 0.007275104522705078 4 4 4 6
13 18 0.007624387741088867 3 3 3 5
13 18 0.008376121520996094 3 3 3 5
13 18 0.007544517517089844 3 3 3 5
13 19 0.009357690811157227 2 2 3 4
13 20 0.011677980422973633 2 2 3 4
13 17 0.007622241973876953 4 4 4 5
13 20 0.011394500732421875 3 2 3 5
13 18 0.008281230926513672 2 2 3 5
13 21 0.008876800537109375 2 2 3 4
14 20 0.010642528533935547 3 3 3 5
14 23 0.011298179626464844 2 2 3 4
14 21 0.011800765991210938 2 2 4 5
14 18 0.010674476623535156 3 3 3 6
14 22 0.015668630599975586 3 2 3 4
14 20 0.011182308197021484 2 2 3 5
14 18 0.008929967880249023 4 4 4 6
14 21 0.010010480880737305 2 2 3 5
14 20 0.010776758193969727 3 3 4 5
14 22 0.01120615005493164 2 2 3 5
15 23 0.01899552345275879 3 2 3 4
15 23 0.0230405330657959 3 2 4 5
15 22 0.016794919967651367 2 2 4 4
15 20 0.011651039123535156 4 4 4 6
15 22 0.015845537185668945 2 2 3 4
15 22 0.014906644821166992 2 2 3 5
15 23 0.02082991600036621 3 2 4 5
15 24 0.012805700302124023 3 3 3 5
15 20 0.01194906234741211 3 3 4 6
15 21 0.012900352478027344 4 4 4 6
16 22 0.01610255241394043 4 4 4 6
16 22 0.018014907836914062 3 2 3 6
16 23 0.014211893081665039 2 2 3 6
16 23 0.014928340911865234 3 3 4 6
16 23 0.01962447166442871 3 2 3 5
16 26 0.016516447067260742 2 2 3 6
16 27 0.018880128860473633 2 2 4 5
16 24 0.014723539352416992 3 3 3 6
16 24 0.016997575759887695 3 3 3 5
16 24 0.0166778564453125 3 3 3 5
17 24 0.016490697860717773 5 5 5 7
17 24 0.02758932113647461 3 3 4 5
17 28 0.020622968673706055 2 2 3 6
17 30 0.021345138549804688 2 2 3 4
17 24 0.01843714714050293 3 3 3 6
17 26 0.024836063385009766 3 2 3 5
17 26 0.018148183822631836 3 3 3 6
17 27 0.023494243621826172 2 2 3 5
17 25 0.02115321159362793 3 3 3 6
17 26 0.02132439613342285 3 3 3 5
18 27 0.02430868148803711 3 3 4 6
18 27 0.02331256866455078 3 3 4 6
18 25 0.021821260452270508 3 3 4 7
18 26 0.02081918716430664 3 3 4 6
18 26 0.024230241775512695 3 3 4 5
18 26 0.017861604690551758 4 4 4 8
18 28 0.03543710708618164 3 2 4 5
18 28 0.023325204849243164 4 4 4 5
18 27 0.023582935333251953 3 3 4 5
18 28 0.0375213623046875 2 2 3 4
19 24 0.02218317985534668 6 6 6 7
19 30 0.03490567207336426 3 3 3 6
19 29 0.030887603759765625 3 3 4 5
19 24 0.02087855339050293 6 6 6 8
19 31 0.02803635597229004 2 2 3 5
19 31 0.057297468185424805 3 2 4 5
19 26 0.02622509002685547 4 4 4 7
19 29 0.03058004379272461 3 3 4 6
19 27 0.02579021453857422 2 2 3 6
19 26 0.026155710220336914 4 4 5 6
20 27 0.030608177185058594 3 3 3 7
20 31 0.03287172317504883 2 2 4 6
20 32 0.03229045867919922 2 2 3 5
20 30 0.038244009017944336 3 3 3 6
20 30 0.03399467468261719 4 4 5 6
20 29 0.03959250450134277 3 2 4 6
20 30 0.030614137649536133 3 3 4 7
20 28 0.028977632522583008 4 4 4 7
20 27 0.031182289123535156 4 4 5 7
20 30 0.03275632858276367 3 3 5 6
21 27 0.030915260314941406 6 6 6 8
21 33 0.05941200256347656 3 2 4 5
21 34 0.059090375900268555 3 2 4 5
21 31 0.03684496879577637 3 3 4 6
21 32 0.038934946060180664 3 3 3 7
21 28 0.02971482276916504 5 5 5 8
21 30 0.04196882247924805 3 3 5 6
21 32 0.03389859199523926 4 4 4 7
21 28 0.039061784744262695 4 4 4 6
21 31 0.0401153564453125 3 3 4 7
22 33 0.03815436363220215 2 2 3 8
22 36 0.047295570373535156 3 3 5 6
22 33 0.046777963638305664 3 3 4 6
22 34 0.06593489646911621 3 2 4 5
22 36 0.06168866157531738 3 2 4 6
22 35 0.16237211227416992 4 3 5 6
22 33 0.04692578315734863 3 3 4 6
22 35 0.055623531341552734 3 3 4 5
22 32 0.046230316162109375 3 3 5 6
22 29 0.030777692794799805 6 6 6 9
23 34 0.04643988609313965 3 3 5 7
23 32 0.05224323272705078 4 4 4 6
23 36 0.08757829666137695 3 2 5 6
23 34 0.06063389778137207 3 2 4 6
23 35 0.05745196342468262 3 3 4 6
23 32 0.04358696937561035 5 5 5 7
23 36 0.05297088623046875 3 3 4 6
23 33 0.03885221481323242 4 4 4 9
23 36 0.1020965576171875 3 3 5 6
23 38 0.0480349063873291 3 3 3 8
24 39 0.06140494346618652 3 3 3 7
24 39 0.29940176010131836 3 2 4 5
24 38 0.06797647476196289 3 2 4 7
24 31 0.04540300369262695 5 5 5 8
24 38 0.07892680168151855 3 2 5 6
24 36 0.049457550048828125 4 4 5 8
24 35 0.05260801315307617 3 3 4 7
24 41 0.0792393684387207 3 2 3 7
24 35 0.06076812744140625 3 3 4 6
24 34 0.05434107780456543 3 3 4 8
25 38 0.08424210548400879 3 3 4 5
25 38 0.08368945121765137 3 3 5 6
25 41 0.06856846809387207 3 3 4 7
25 36 0.06295943260192871 4 4 5 7
25 39 0.05904889106750488 5 5 5 8
25 37 0.5417101383209229 5 5 6 7
25 36 0.05979132652282715 5 5 5 7
25 37 0.0634148120880127 3 3 4 7
25 37 0.062186241149902344 5 5 5 8
25 39 0.09649872779846191 3 3 5 6
26 42 0.08987760543823242 3 3 4 6
26 43 0.08409905433654785 3 3 4 6
26 39 0.07088923454284668 3 3 4 8
26 41 0.17493867874145508 4 3 4 8
26 40 0.0942683219909668 3 2 5 7
26 34 0.05219554901123047 8 8 8 10
26 37 0.06307315826416016 5 5 6 8
26 39 0.0863804817199707 3 3 4 6
26 38 0.06685805320739746 5 5 6 8
26 44 0.12714409828186035 3 2 4 6
27 45 0.13997411727905273 3 2 4 6
27 39 0.07837152481079102 6 6 6 9
27 36 0.07707548141479492 4 4 4 9
27 41 0.4272279739379883 4 2 5 7
27 36 0.07390594482421875 4 4 5 10
27 39 0.0877692699432373 5 5 5 9
27 38 0.09113574028015137 3 3 4 8
27 41 0.3222064971923828 4 3 5 7
27 41 0.13322734832763672 3 2 4 7
27 42 0.12265896797180176 3 3 4 6
28 42 0.1087045669555664 3 3 5 6
28 42 0.8720674514770508 4 3 5 7
28 40 0.09564495086669922 4 4 5 8
28 41 0.27689099311828613 5 5 6 8
28 44 0.27348828315734863 3 3 5 7
28 45 0.10911798477172852 3 3 4 7
28 45 0.11239171028137207 3 2 4 8
28 40 0.10967302322387695 4 4 5 7
28 40 0.0837714672088623 3 3 4 9
28 45 0.503760814666748 4 3 5 7
29 43 0.11918377876281738 4 4 4 8
29 45 0.32784414291381836 4 3 6 8
29 45 0.12155032157897949 3 3 4 8
29 45 0.15078115463256836 3 2 5 7
29 46 0.11347055435180664 4 4 5 8
29 44 0.4671487808227539 4 3 5 8
29 40 0.10559797286987305 5 5 5 8
29 45 0.14244771003723145 3 3 5 7
29 45 0.1336057186126709 3 3 4 7
29 42 0.11860132217407227 4 4 5 8
30 45 0.45372462272644043 4 3 5 9
30 45 0.15928959846496582 3 3 4 7
30 49 0.1338951587677002 3 3 4 8
30 45 0.13185548782348633 3 3 5 7
30 41 0.09940934181213379 7 7 7 11
30 52 0.5939111709594727 3 2 4 6
30 48 1.1189689636230469 4 3 6 7
30 48 0.38579678535461426 3 3 5 6
30 47 0.4379112720489502 4 3 5 8
30 46 0.5009448528289795 4 3 5 7
31 43 0.10219764709472656 8 8 8 10
31 51 0.20576858520507812 3 2 5 6
31 44 0.1475207805633545 5 5 6 9
31 46 0.14693999290466309 4 4 5 8
31 47 0.11652636528015137 4 4 5 10
31 48 11.7256760597229 5 4 6 7
31 46 0.12882661819458008 4 4 5 8
31 50 0.13961124420166016 4 4 5 8
31 42 0.12412858009338379 5 5 6 10
31 45 0.11168766021728516 6 6 6 10
32 48 0.24832916259765625 3 3 5 8
32 50 0.16133928298950195 3 3 4 9
32 50 12.50849437713623 4 3 6 7
32 51 3.71484637260437 4 3 5 8
32 45 0.12597012519836426 5 5 6 10
32 45 0.12623190879821777 5 5 6 10
32 49 0.12425637245178223 4 4 5 10
32 47 0.5156564712524414 4 4 6 8
32 46 0.11938285827636719 6 6 6 9
32 49 0.17211222648620605 3 3 5 7
33 46 0.18140101432800293 5 5 6 9
33 53 0.1777329444885254 4 4 5 7
33 50 0.28264474868774414 3 3 5 6
33 50 0.15065789222717285 3 3 5 10
33 52 0.20550084114074707 3 3 5 8
33 53 0.15670013427734375 3 3 5 9
33 49 0.15831303596496582 6 6 6 8
33 51 0.6648228168487549 4 3 6 7
33 47 0.12665057182312012 6 6 6 11
33 48 0.1663060188293457 4 4 5 8
34 49 1.286576271057129 5 4 6 8
34 52 5.493266820907593 4 3 6 7
34 52 1.1465554237365723 4 4 6 8
34 51 0.8048348426818848 4 3 6 8
34 50 0.6231329441070557 4 4 6 8
34 50 0.15834784507751465 4 4 5 9
34 49 0.20322513580322266 5 5 6 10
34 53 0.46328306198120117 4 3 5 9
34 50 0.17846035957336426 4 4 5 9
34 52 0.20755529403686523 3 3 4 7
35 53 0.45993733406066895 4 3 6 8
35 46 0.16199016571044922 7 7 8 11
35 53 0.3340930938720703 3 3 5 7
35 57 0.1964106559753418 3 3 5 9
35 51 0.39386487007141113 4 3 5 8
35 55 0.6801972389221191 6 6 7 9
35 55 0.2116241455078125 4 4 5 9
35 54 333.7872881889343 4 3 5 7
35 54 0.25016117095947266 4 4 5 8
35 54 0.7273299694061279 4 3 5 9
36 56 0.24071049690246582 5 5 6 8
36 55 0.29551172256469727 4 4 5 7
36 54 0.39736390113830566 5 5 6 10
36 58 0.32746076583862305 3 3 6 7
36 55 0.23490643501281738 4 4 6 10
36 56 0.2892582416534424 5 5 6 8
36 49 8.521238327026367 5 5 6 10
36 60 1.0626330375671387 4 3 5 8
36 50 32.59246349334717 4 4 6 8
36 56 0.5533316135406494 4 3 6 9
37 51 0.2460007667541504 6 6 7 8
37 59 0.2955300807952881 3 3 5 9
37 55 0.25642895698547363 4 4 5 9
37 53 0.40994882583618164 4 3 7 9
37 55 1.5991113185882568 5 4 7 10
37 52 0.24808335304260254 4 4 5 9
37 55 0.2883017063140869 5 5 6 9
37 56 0.2571735382080078 4 4 5 9
37 58 0.8815510272979736 3 3 5 6
37 56 0.48615336418151855 3 3 4 8
38 57 1.134509563446045 4 4 6 8
38 55 0.23095297813415527 6 6 6 12
38 59 1.5028090476989746 4 3 6 8
38 54 0.2302262783050537 5 5 5 11
38 57 0.42035508155822754 5 5 6 9
38 57 11.822612524032593 5 4 6 9
38 59 0.2646651268005371 4 4 6 9
38 62 0.2942798137664795 3 3 5 9
38 57 3.902992010116577 4 4 6 8
38 59 0.27895545959472656 4 4 4 10
39 56 33.53773760795593 5 4 7 8
39 65 32.75311255455017 4 3 6 7
39 60 1.3496291637420654 4 3 6 10
39 60 0.9474413394927979 4 3 6 9
39 62 17.160101652145386 4 3 6 9
39 62 6.719594717025757 5 4 6 10
39 60 0.40033769607543945 4 4 5 8
39 64 1.6477890014648438 4 3 6 7
39 62 2.933861494064331 4 4 5 6
39 62 0.34395790100097656 3 3 4 8
40 60 1.1482579708099365 4 3 6 10
40 65 0.9134795665740967 4 3 5 8
40 63 0.4110851287841797 5 5 6 8
