5 7 0.0010170936584472656 1 1 2 2
5 5 0.0007748603820800781 2 2 2 2
5 7 0.0008432865142822266 1 1 2 2
5 6 0.0007779598236083984 2 2 2 2
5 6 0.0008254051208496094 2 2 2 2
5 6 0.0008673667907714844 2 2 2 2
5 6 0.0009303092956542969 2 2 2 2
5 6 0.0009884834289550781 2 2 2 2
5 6 0.0007791519165039062 2 2 2 2
5 6 0.0007736682891845703 2 2 2 2
6 9 0.0011544227600097656 1 1 2 3
6 7 0.0011227130889892578 2 2 2 3
6 6 0.0010242462158203125 3 3 3 3
6 7 0.0010874271392822266 2 2 2 3
6 8 0.0011491775512695312 2 2 2 3
6 8 0.0011830329895019531 2 2 2 2
6 8 0.0012240409851074219 2 2 2 2
6 7 0.0011332035064697266 2 2 2 3
6 8 0.0010905265808105469 2 2 2 3
6 8 0.0011360645294189453 2 2 2 2
7 8 0.0015170574188232422 2 2 2 3
7 11 0.0017032623291015625 1 1 2 3
7 9 0.0015416145324707031 2 2 2 3
7 9 0.0015075206756591797 2 2 2 3
7 10 0.0015571117401123047 2 2 2 3
7 8 0.0015826225280761719 3 3 3 3
7 9 0.0016078948974609375 2 2 2 3
7 10 0.0018782615661621094 2 2 2 3
7 11 0.001783609390258789 2 1 2 3
7 9 0.0015666484832763672 2 2 2 3
8 11 0.0021314620971679688 2 2 2 3
8 11 0.002216815948486328 2 2 2 3
8 10 0.002173185348510742 2 2 2 4
8 11 0.002107381820678711 2 2 2 3
8 12 0.0022432804107666016 2 2 2 3
8 11 0.0022373199462890625 2 2 3 3
8 11 0.002349376678466797 2 2 3 3
8 12 0.0022444725036621094 2 2 2 3
8 12 0.002315044403076172 2 2 2 3
8 10 0.002085447311401367 2 2 2 4
9 10 0.002874612808227539 4 4 4 4
9 12 0.003023386001586914 3 3 3 3
9 11 0.0028312206268310547 3 3 3 4
9 12 0.003032207489013672 2 2 3 3
9 12 0.002903461456298828 2 2 3 4
9 13 0.0028891563415527344 2 2 2 4
9 13 0.0028738975524902344 2 2 2 4
9 12 0.0030791759490966797 2 2 3 4
9 12 0.0030853748321533203 2 2 3 3
9 15 0.0037882328033447266 2 1 2 3
10 15 0.004037618637084961 2 2 3 3
10 15 0.004609823226928711 2 2 3 3
10 15 0.0043408870697021484 2 2 3 4
10 15 0.003972768783569336 2 2 3 4
10 16 0.0041620731353759766 2 2 2 4
10 13 0.00341796875 3 3 3 5
10 13 0.0038259029388427734 3 3 3 4
10 15 0.004152536392211914 2 2 2 3
10 15 0.004174709320068359 2 2 3 4
10 15 0.00458216667175293 2 2 3 3
11 17 0.005801200866699219 2 2 2 4
11 16 0.005242586135864258 2 2 3 4
11 14 0.00490570068359375 3 3 3 4
11 16 0.004962921142578125 3 3 3 4
11 14 0.004541158676147461 3 3 3 5
11 14 0.005129575729370117 3 3 4 4
11 13 0.004807472229003906 4 4 4 5
11 18 0.006114482879638672 2 2 3 3
11 14 0.00440669059753418 4 4 4 5
11 18 0.005692481994628906 2 2 2 4
12 18 0.007524728775024414 2 2 3 4
12 19 0.008210897445678711 2 2 3 3
12 18 0.006249666213989258 3 3 3 5
12 20 0.0071697235107421875 2 2 3 4
12 17 0.006512165069580078 3 3 3 4
12 16 0.006626129150390625 4 4 4 5
12 18 0.0075054168701171875 2 2 3 4
12 16 0.005776405334472656 4 4 4 5
12 18 0.006876945495605469 2 2 3 5
12 18 0.007688760757446289 2 2 3 4
13 19 0.007470846176147461 3 3 3 6
13 18 0.007726430892944336 3 3 3 5
13 17 0.007776737213134766 3 3 3 5
13 18 0.008492469787597656 3 3 3 5
13 18 0.012055158615112305 3 2 4 4
13 19 0.009211540222167969 2 2 3 4
13 20 0.00924992561340332 2 2 3 5
13 18 0.007405519485473633 4 4 4 5
13 20 0.009420394897460938 2 2 3 5
13 15 0.0110015869140625 5 5 5 6
14 19 0.01156473159790039 4 4 4 5
14 20 0.010339021682739258 3 3 3 6
14 21 0.01238703727722168 3 3 3 4
14 20 0.015181779861450195 3 2 3 5
14 22 0.010300636291503906 3 3 3 5
14 22 0.011261463165283203 2 2 3 5
14 21 0.010757684707641602 2 2 3 5
14 21 0.010311126708984375 3 3 4 5
14 19 0.00901031494140625 4 4 4 6
14 20 0.011185169219970703 3 3 4 5
15 21 0.011947870254516602 4 4 5 5
15 20 0.014156579971313477 3 3 4 5
15 24 0.012574911117553711 2 2 3 6
15 24 0.01633930206298828 2 2 3 5
15 20 0.011586904525756836 3 3 3 6
15 25 0.0164029598236084 2 2 3 4
15 20 0.012178421020507812 3 3 4 6
15 23 0.014144659042358398 3 3 3 5
15 24 0.01787734031677246 2 2 3 4
15 21 0.020733356475830078 2 2 3 4
16 24 0.016452789306640625 3 3 3 5
16 23 0.013974189758300781 4 4 4 6
16 22 0.014207601547241211 4 4 4 6
16 22 0.016004562377929688 3 3 4 6
16 23 0.016089439392089844 3 3 4 6
16 23 0.013372659683227539 3 3 3 7
16 22 0.016513347625732422 3 3 4 6
16 22 0.013315439224243164 3 3 3 7
16 21 0.01559305191040039 3 3 4 7
16 25 0.02266860008239746 3 2 4 5
17 27 0.0298919677734375 3 2 4 5
17 22 0.016678333282470703 4 4 4 7
17 27 0.03208565711975098 3 2 4 5
17 26 0.029633522033691406 3 2 4 5
17 26 0.021118879318237305 2 2 3 5
17 25 0.02778935432434082 3 2 4 5
17 23 0.01872539520263672 3 3 3 7
17 23 0.017027616500854492 4 4 4 6
17 28 0.02383112907409668 3 2 4 6
17 21 0.01837301254272461 4 4 5 6
18 29 0.04010796546936035 3 2 3 5
18 26 0.024434804916381836 4 4 4 6
18 27 0.03025531768798828 3 2 3 6
18 28 0.026579856872558594 2 2 3 5
18 27 0.060108184814453125 3 3 3 6
18 28 0.022736549377441406 3 3 4 6
18 29 0.0520482063293457 3 2 4 5
18 26 0.023675918579101562 3 3 3 6
18 24 0.02234172821044922 5 5 5 6
18 28 0.028226375579833984 3 3 3 5
19 32 0.034008026123046875 2 2 3 5
19 28 0.037569284439086914 3 3 4 6
19 27 0.02933049201965332 4 4 4 6
19 26 0.029834270477294922 4 4 5 6
19 25 0.03338193893432617 4 4 4 6
19 28 0.05945777893066406 4 3 4 6
19 28 0.030882596969604492 3 3 4 5
19 30 0.034665822982788086 3 3 4 5
19 31 0.030913829803466797 3 3 4 6
19 27 0.03209948539733887 3 3 4 5
20 31 0.03616786003112793 3 3 4 6
20 31 0.08507704734802246 3 2 4 6
20 28 0.03349566459655762 4 4 5 6
20 28 0.032477617263793945 4 4 5 7
20 28 0.029687881469726562 4 4 4 7
20 32 0.03420853614807129 4 4 4 6
20 28 0.0314328670501709 3 3 3 8
20 29 0.034696340560913086 3 3 3 6
20 30 0.030905723571777344 2 2 3 7
20 27 0.030115842819213867 4 4 5 6
21 30 0.03643465042114258 3 3 3 7
21 32 0.04758119583129883 3 2 4 7
21 32 0.04322695732116699 3 3 4 6
21 32 0.03835797309875488 3 3 4 7
21 30 0.0323030948638916 5 5 5 8
21 29 0.03438258171081543 5 5 5 8
21 30 0.04211235046386719 3 3 4 7
21 33 0.04349064826965332 3 3 4 6
21 30 0.11131119728088379 4 3 4 6
21 32 0.04006481170654297 4 4 4 6
22 33 0.04478621482849121 3 3 4 6
22 35 0.07001090049743652 3 2 4 6
22 34 0.05457806587219238 3 3 4 6
22 31 0.04335284233093262 4 4 5 7
22 32 0.053440093994140625 3 2 4 8
22 32 0.04771780967712402 4 4 4 7
22 32 0.04123330116271973 3 3 5 7
22 35 0.05027461051940918 3 3 4 7
22 32 0.04240894317626953 3 3 5 7
22 39 0.07189512252807617 3 2 4 6
23 34 0.05396080017089844 3 3 4 7
23 32 0.04397439956665039 5 5 6 8
23 36 0.05056023597717285 4 4 5 7
23 34 0.19454216957092285 4 2 5 7
23 38 0.06418061256408691 3 3 4 6
23 32 0.05228686332702637 4 4 4 8
23 37 0.0713963508605957 3 2 4 7
23 33 0.04763960838317871 5 5 6 7
23 35 0.05566692352294922 3 3 5 6
23 37 0.08704042434692383 3 3 5 5
24 37 0.06705212593078613 3 3 4 8
24 37 0.07506585121154785 3 3 4 6
24 36 0.053131103515625 5 5 5 8
24 40 0.31203126907348633 4 3 5 6
24 34 0.07656145095825195 4 4 5 7
24 40 0.08539390563964844 3 2 4 6
24 39 0.0653841495513916 3 3 4 6
24 38 0.060755014419555664 3 3 4 8
24 38 0.12144899368286133 3 3 4 6
24 37 0.07150077819824219 3 3 5 6
25 38 0.0770258903503418 4 4 5 7
25 37 0.17427444458007812 4 3 6 7
25 36 0.0702359676361084 3 3 4 7
25 36 0.1044456958770752 5 5 6 8
25 34 0.06097602844238281 5 5 5 8
25 39 0.06947851181030273 3 3 4 6
25 39 0.07767558097839355 3 3 4 7
25 39 0.07958173751831055 3 3 4 7
25 38 0.06829190254211426 3 3 4 8
25 41 0.10499787330627441 3 3 4 7
26 40 0.13003945350646973 3 3 5 6
26 42 0.09535741806030273 3 3 4 6
26 42 0.09068012237548828 3 3 4 6
26 38 0.08786773681640625 5 5 6 7
26 42 0.11250066757202148 3 2 4 7
26 39 0.07516264915466309 4 4 5 7
26 37 0.06922483444213867 5 5 6 9
26 40 0.07444906234741211 5 5 6 8
26 38 0.33174610137939453 4 3 5 8
26 44 0.12628436088562012 3 2 5 6
27 41 0.08954858779907227 4 4 5 8
27 41 0.08985018730163574 4 4 4 7
27 38 0.08641886711120605 5 5 6 7
27 37 0.8320667743682861 4 4 6 8
27 44 0.13128972053527832 3 2 5 6
27 41 0.09111309051513672 5 5 6 7
27 43 0.0967252254486084 3 3 4 7
27 42 0.15570592880249023 3 3 5 6
27 39 0.0840158462524414 5 5 6 8
27 43 0.6871957778930664 4 3 6 7
28 41 0.08582735061645508 5 5 5 9
28 42 0.09682011604309082 3 3 4 8
28 44 0.11753296852111816 4 4 5 8
28 42 0.15268683433532715 3 3 5 7
28 44 0.21854591369628906 3 2 5 6
28 38 0.08064460754394531 7 7 7 10
28 42 0.2424776554107666 4 3 6 8
28 39 0.09242653846740723 5 5 5 9
28 46 0.1374213695526123 3 3 5 7
28 45 0.1376345157623291 3 3 4 8
29 47 0.1031341552734375 2 2 3 9
29 42 0.11171197891235352 5 5 5 8
29 46 0.10067486763000488 5 5 6 9
29 45 0.16007113456726074 3 3 4 6
29 45 0.1511824131011963 3 2 5 7
29 49 0.1302783489227295 3 3 5 7
29 45 0.13425421714782715 4 4 5 7
29 44 2.193312644958496 4 3 5 7
29 45 0.12401556968688965 3 3 4 7
29 40 0.08965730667114258 7 7 7 9
30 42 0.1308741569519043 4 4 6 8
30 43 0.13898348808288574 3 3 5 8
30 43 0.13223814964294434 4 4 5 7
30 47 0.16876435279846191 3 2 4 8
30 47 0.1450028419494629 3 3 4 7
30 47 0.13348960876464844 3 3 5 7
30 47 0.1388380527496338 4 4 4 8
30 45 0.10724377632141113 3 3 4 10
30 46 0.18882465362548828 3 3 5 7
30 44 0.48789238929748535 4 3 5 7
31 46 1.5060901641845703 4 3 5 7
31 42 0.1305842399597168 5 5 5 10
31 45 0.1622307300567627 5 5 5 10
31 50 6.933648109436035 4 3 5 7
31 50 0.24605274200439453 3 2 5 6
31 44 0.13910293579101562 5 5 5 9
31 49 0.18215584754943848 3 3 5 7
31 51 1.0546045303344727 3 2 4 6
31 46 0.13993167877197266 4 4 5 8
31 50 0.13997817039489746 4 4 5 8
32 49 0.263256311416626 3 3 5 7
32 50 0.1815035343170166 3 3 5 7
32 49 0.15081143379211426 5 5 6 9
32 45 0.13502216339111328 5 5 6 10
32 48 1.8618721961975098 4 3 5 6
32 47 10.508828163146973 5 4 6 9
32 44 0.16568684577941895 6 6 6 11
32 50 1.0024845600128174 4 3 5 7
32 52 0.8476738929748535 4 2 5 7
32 51 5.91135573387146 4 4 5 7
33 51 0.26381874084472656 4 4 5 7
33 53 0.6195604801177979 4 3 6 7
33 48 0.15668058395385742 6 6 6 9
33 50 0.1823117733001709 4 4 5 8
33 51 1.4749598503112793 4 3 5 7
33 54 0.20775842666625977 4 4 5 7
33 56 0.2980508804321289 3 2 4 7
33 49 0.137923002243042 5 5 6 10
33 52 0.17081809043884277 5 5 6 8
33 52 0.7418484687805176 4 3 5 8
34 48 0.2028944492340088 5 5 5 9
34 48 0.1776106357574463 4 4 6 9
34 53 4.937146186828613 4 3 6 9
34 49 0.15483379364013672 7 7 7 10
34 53 2.516953945159912 4 3 6 7
34 53 0.4617574214935303 5 5 6 8
34 49 0.17351293563842773 6 6 7 9
34 55 0.16570281982421875 4 4 5 10
34 50 0.39249730110168457 4 3 5 9
34 53 0.2501659393310547 3 3 5 8
35 54 1.4061784744262695 4 4 6 7
35 54 0.3547854423522949 3 3 5 7
35 52 0.24577546119689941 4 4 5 8
35 54 1.258040428161621 4 3 5 9
35 53 4.675619125366211 4 4 6 8
35 55 0.3329501152038574 4 4 6 8
35 50 0.20913028717041016 6 6 6 8
35 58 4.106168508529663 5 4 6 9
35 56 0.21475672721862793 4 4 5 8
35 52 0.2214365005493164 4 4 4 10
36 57 0.8417356014251709 4 3 5 8
36 51 0.21876835823059082 6 6 6 9
36 53 2.062452554702759 4 3 6 8
36 60 0.24043560028076172 3 3 5 9
36 57 1.3429248332977295 4 3 5 9
36 57 0.2598135471343994 5 5 5 9
36 59 2.104749917984009 4 2 5 7
36 50 0.24939370155334473 5 5 7 10
36 53 0.4295632839202881 3 3 6 6
36 53 0.26747941970825195 4 4 7 8
37 59 0.2893655300140381 3 3 5 8
37 61 0.6720428466796875 3 3 5 7
37 54 0.23175573348999023 3 3 5 10
37 57 0.2801046371459961 5 5 6 8
37 59 1.0953023433685303 5 5 7 8
37 50 0.20710110664367676 5 5 7 11
37 56 0.3052070140838623 4 4 6 8
37 52 0.24854016304016113 5 5 6 10
37 55 1.0927608013153076 4 3 5 10
37 60 0.3739948272705078 3 3 6 8
38 60 4.4034645557403564 4 3 5 9
38 58 101.87672019004822 5 5 7 8
38 59 0.3227252960205078 4 4 6 9
38 62 0.3145267963409424 3 3 6 8
38 59 1.3705179691314697 3 3 5 6
38 56 7.380299091339111 5 4 7 8
38 56 0.22359085083007812 6 6 6 12
38 63 10.925729990005493 4 3 5 7
38 58 1.830545425415039 4 3 6 7
38 56 0.3114917278289795 5 5 6 9
39 61 5.127421140670776 6 6 7 10
39 58 0.3258700370788574 5 5 6 9
39 56 1.824866771697998 5 4 6 11
39 59 2.69966459274292 4 3 6 8
39 60 0.3126382827758789 3 3 4 10
39 61 0.8726191520690918 3 3 6 7
39 60 37.43456029891968 5 5 6 9
39 60 0.3032076358795166 5 5 6 9
39 62 9.032827615737915 4 3 5 8
39 63 2.8063924312591553 4 2 5 7
40 65 0.64530348777771 4 4 6 8
40 59 0.2948265075683594 4 4 6 11
40 68 0.4537053108215332 3 3 5 8
40 61 140.82232189178467 5 4 6 8
40 66 3.8106510639190674 4 3 4 9
40 63 0.34120655059814453 5 5 6 10
40 63 0.3477942943572998 4 4 4 10
40 62 3.715733289718628 4 3 5 9
40 60 1.084423542022705 4 3 6 8
40 56 0.515514612197876 4 4 6 9
41 63 0.39048242568969727 5 5 5 10
41 58 0.3580949306488037 4 4 5 11
41 67 0.5587301254272461 3 3 5 8
41 63 34.41122245788574 4 3 7 8
41 57 0.28238749504089355 8 8 9 12
41 60 0.32384610176086426 6 6 6 11
41 69 18.333493947982788 4 3 5 8
41 61 3.3732423782348633 5 4 7 10
41 60 0.26729559898376465 8 8 8 12
41 67 26.35474419593811 4 3 6 7
42 62 0.38846588134765625 6 6 6 10
42 66 0.3636300563812256 4 4 5 10
42 65 0.6734743118286133 3 3 5 7
42 66 59.36789131164551 4 3 6 8
42 64 0.6716170310974121 4 4 6 9
42 67 0.5218183994293213 3 3 5 9
42 64 0.4551246166229248 3 3 6 9
42 63 1.7289366722106934 4 3 5 9
42 63 0.5708739757537842 4 4 6 8
42 65 0.4236133098602295 3 3 6 10
43 66 0.9988853931427002 4 4 6 9
43 69 3.241340398788452 4 4 6 7
43 68 0.4771127700805664 5 5 6 9
43 68 2.5235371589660645 4 3 5 8
43 72 2.5981545448303223 4 2 5 10
43 66 0.49266862869262695 5 5 6 10
43 69 338.18583273887634 4 4 7 8
43 68 1.3000996112823486 4 3 6 8
43 65 1.288789987564087 6 6 7 9
43 64 0.9065771102905273 4 3 6 11
