5 6 0.0009348392486572266 2 2 2 2
5 7 0.0009756088256835938 1 1 2 2
5 7 0.0013575553894042969 1 1 2 2
5 6 0.0009605884552001953 2 2 2 2
5 5 0.0008215904235839844 2 2 2 2
5 7 0.0010323524475097656 1 1 2 2
5 6 0.0007266998291015625 2 2 2 2
5 5 0.0007131099700927734 2 2 2 2
5 5 0.0007088184356689453 2 2 2 2
5 6 0.0007264614105224609 2 2 2 2
6 9 0.0011301040649414062 1 1 2 3
6 9 0.0010957717895507812 1 1 2 2
6 7 0.0009987354278564453 2 2 2 3
6 8 0.0012624263763427734 2 2 2 3
6 7 0.0012967586517333984 2 2 2 3
6 7 0.0013093948364257812 2 2 2 3
6 7 0.001386404037475586 2 2 2 3
6 6 0.001142740249633789 3 3 3 3
6 7 0.0012927055358886719 2 2 3 3
6 8 0.0011773109436035156 2 2 2 2
7 10 0.0015468597412109375 2 2 2 3
7 9 0.0014591217041015625 2 2 2 3
7 8 0.0016274452209472656 3 3 3 3
7 11 0.0015633106231689453 1 1 2 3
7 9 0.0014035701751708984 2 2 2 3
7 10 0.0015554428100585938 2 2 2 3
7 9 0.0015072822570800781 2 2 3 3
7 10 0.0015444755554199219 2 2 2 3
7 8 0.0014028549194335938 3 3 3 3
7 11 0.0015625953674316406 1 1 2 3
8 10 0.0022318363189697266 2 2 2 4
8 10 0.002137899398803711 2 2 2 4
8 13 0.0029554367065429688 1 1 2 3
8 12 0.002223968505859375 2 2 2 4
8 11 0.0019860267639160156 2 2 2 3
8 11 0.002001523971557617 2 2 2 3
8 12 0.0019855499267578125 2 2 2 3
8 13 0.0023844242095947266 2 1 2 3
8 11 0.0019698143005371094 2 2 2 4
8 12 0.0020685195922851562 2 2 2 3
9 11 0.0026154518127441406 2 2 2 4
9 15 0.003565549850463867 2 1 2 4
9 13 0.0034029483795166016 2 2 3 3
9 12 0.003187894821166992 2 2 3 4
9 11 0.00276947021484375 3 3 3 4
9 11 0.002642393112182617 3 3 3 4
9 12 0.0027341842651367188 2 2 3 4
9 12 0.0027501583099365234 3 3 3 4
9 10 0.0025374889373779297 4 4 4 4
9 12 0.0026369094848632812 3 3 3 4
10 14 0.0038552284240722656 3 3 3 4
10 13 0.0038385391235351562 3 3 3 4
10 16 0.004281044006347656 2 2 3 4
10 13 0.0036597251892089844 3 3 3 4
10 13 0.003194570541381836 2 2 2 5
10 16 0.004178285598754883 2 2 2 4
10 13 0.0034694671630859375 2 2 3 4
10 14 0.007128477096557617 3 2 3 4
10 13 0.004157543182373047 2 2 3 4
10 13 0.0038979053497314453 2 2 3 4
11 15 0.005107879638671875 2 2 3 4
11 16 0.004476070404052734 3 3 3 5
11 16 0.006412982940673828 2 2 3 4
11 14 0.005020618438720703 3 3 3 5
11 14 0.004812479019165039 3 3 3 4
11 17 0.008752822875976562 3 2 3 4
11 14 0.004343271255493164 3 3 3 5
11 16 0.0056493282318115234 2 2 2 4
11 16 0.005659341812133789 2 2 3 4
11 14 0.004271030426025391 4 4 4 5
12 19 0.00623774528503418 2 2 3 4
12 16 0.0060558319091796875 2 2 3 5
12 19 0.008380651473999023 2 2 3 4
12 19 0.008184432983398438 2 2 3 4
12 18 0.006121635437011719 3 3 3 4
12 19 0.0059888362884521484 2 2 2 5
12 18 0.007001161575317383 3 3 3 4
12 18 0.006220340728759766 2 2 2 5
12 15 0.005561113357543945 4 4 4 5
12 16 0.006159782409667969 2 2 3 4
13 19 0.008485078811645508 2 2 3 5
13 20 0.008144140243530273 2 2 2 5
13 18 0.007469892501831055 3 3 3 5
13 21 0.009954452514648438 2 2 3 3
13 21 0.013400077819824219 2 2 3 4
13 19 0.012367010116577148 3 2 4 5
13 20 0.009241580963134766 2 2 3 5
13 20 0.008238792419433594 2 2 3 4
13 20 0.007978439331054688 2 2 3 4
13 18 0.008778810501098633 3 3 3 6
14 18 0.009482860565185547 3 3 4 5
14 23 0.010464191436767578 2 2 3 4
14 22 0.025169849395751953 3 2 3 5
14 21 0.011886358261108398 2 2 3 5
14 17 0.007647275924682617 4 4 4 6
14 22 0.017589807510375977 3 2 3 4
14 18 0.009504556655883789 3 3 4 6
14 19 0.009390115737915039 3 3 3 5
14 19 0.009880542755126953 3 3 3 5
14 20 0.010784149169921875 3 3 4 5
15 22 0.011733293533325195 3 3 3 6
15 22 0.020898818969726562 3 2 3 5
15 22 0.011517763137817383 4 4 4 6
15 23 0.021558046340942383 3 2 3 5
15 21 0.01269078254699707 3 3 3 6
15 21 0.012110471725463867 3 3 3 5
15 22 0.011643648147583008 2 2 3 6
15 23 0.022608280181884766 3 2 4 5
15 22 0.012914896011352539 2 2 3 6
15 23 0.011917591094970703 3 3 4 5
16 23 0.013971328735351562 3 3 3 6
16 22 0.014478921890258789 3 3 3 6
16 22 0.01484990119934082 3 3 4 6
16 25 0.016553640365600586 2 2 3 5
16 24 0.025355815887451172 3 2 4 6
16 24 0.015600204467773438 2 2 3 6
16 24 0.015582799911499023 2 2 4 4
16 23 0.016794919967651367 2 2 3 5
16 24 0.013236284255981445 3 3 4 6
16 22 0.016810178756713867 3 3 4 5
17 28 0.031356096267700195 3 2 4 5
17 23 0.015014171600341797 4 4 4 7
17 26 0.018518924713134766 3 3 3 6
17 24 0.018819332122802734 3 3 3 6
17 24 0.016415119171142578 3 3 3 6
17 24 0.05614185333251953 4 3 4 6
17 27 0.017226696014404297 3 3 3 6
17 25 0.020296812057495117 3 3 4 5
17 28 0.03647804260253906 3 2 3 5
17 25 0.017635822296142578 3 3 4 6
18 27 0.0218813419342041 3 3 4 6
18 27 0.020938396453857422 4 4 5 7
18 28 0.02486586570739746 3 3 4 5
18 28 0.03324413299560547 3 2 4 6
18 27 0.03753066062927246 3 2 4 5
18 29 0.050249576568603516 3 2 4 5
18 26 0.03377962112426758 3 2 4 6
18 28 0.025207996368408203 3 3 4 5
18 27 0.023194551467895508 4 4 4 6
18 25 0.018471240997314453 5 5 5 7
19 27 0.026381731033325195 3 3 4 5
19 28 0.02321600914001465 3 3 4 7
19 27 0.026438236236572266 3 3 4 6
19 28 0.02260279655456543 4 4 4 7
19 26 0.058150529861450195 3 3 4 7
19 29 0.028948307037353516 3 3 4 6
19 27 0.023879289627075195 3 3 4 7
19 31 0.029031991958618164 2 2 3 6
19 31 0.02820420265197754 2 2 4 6
19 29 0.048101186752319336 3 2 4 6
20 30 0.02997446060180664 4 4 5 6
20 28 0.026720762252807617 5 5 5 7
20 30 0.03298354148864746 2 2 3 6
20 26 0.02351689338684082 6 6 6 8
20 28 0.026050567626953125 6 6 6 7
20 29 0.06056976318359375 3 2 4 5
20 27 0.025722503662109375 3 3 4 8
20 31 0.03129863739013672 3 3 4 7
20 28 0.03231048583984375 4 4 5 6
20 30 0.05295896530151367 3 2 4 6
21 28 0.034305572509765625 5 5 6 6
21 29 0.038552045822143555 4 4 5 6
21 31 0.03339838981628418 4 4 5 8
21 31 0.03734755516052246 4 4 4 7
21 34 0.03476691246032715 3 3 3 7
21 32 0.040532827377319336 3 3 4 6
21 30 0.043028831481933594 3 3 4 5
21 35 0.0778052806854248 3 2 4 6
21 34 0.08455109596252441 3 2 3 5
21 31 0.16871857643127441 4 3 4 6
22 30 0.03936576843261719 4 4 4 8
22 29 0.0345003604888916 6 6 6 8
22 34 0.04332447052001953 4 4 4 6
22 35 0.07140231132507324 3 2 4 6
22 33 0.050533294677734375 3 3 4 6
22 31 0.03604698181152344 5 5 5 8
22 33 0.10222840309143066 3 2 4 5
22 30 0.05523228645324707 4 4 5 6
22 35 0.054746150970458984 2 2 3 5
22 30 0.04498720169067383 3 3 5 6
23 32 0.051172733306884766 4 4 5 6
23 39 0.10365629196166992 3 2 4 6
23 38 0.17386198043823242 3 2 4 5
23 33 0.05028200149536133 3 3 4 7
23 36 0.0551297664642334 3 3 4 6
23 34 0.09009575843811035 3 2 4 6
23 34 0.056636810302734375 3 3 4 6
23 32 0.04898357391357422 4 4 5 7
23 32 0.0718843936920166 3 3 4 6
23 34 0.167374849319458 3 3 5 6
24 34 0.05578184127807617 5 5 5 7
24 37 0.06438732147216797 3 3 4 7
24 36 0.06400871276855469 4 4 5 6
24 40 0.8351781368255615 3 2 5 6
24 39 0.08383297920227051 3 2 4 6
24 33 0.05648303031921387 5 5 6 7
24 34 0.05621957778930664 4 4 4 7
24 38 0.06278085708618164 3 3 4 6
24 33 0.06126260757446289 4 4 5 7
24 41 0.09335923194885254 3 2 4 6
25 37 0.06331515312194824 4 4 5 8
25 39 0.07250785827636719 4 4 5 7
25 35 0.05535531044006348 5 5 6 9
25 40 0.07912015914916992 3 3 4 6
25 42 0.12145519256591797 3 2 4 6
25 34 0.056174516677856445 5 5 5 9
25 37 0.4977421760559082 4 3 5 7
25 37 0.04978775978088379 6 6 6 9
25 36 0.09428548812866211 3 3 4 8
25 41 0.06174206733703613 4 4 4 7
26 42 0.08066105842590332 3 3 4 7
26 39 0.06681489944458008 5 5 5 8
26 43 0.14772462844848633 3 2 4 7
26 42 0.16541457176208496 3 2 4 6
26 40 0.06795048713684082 4 4 4 8
26 39 0.07827448844909668 3 3 4 8
26 41 0.08795762062072754 3 3 4 6
26 42 0.08567357063293457 3 3 4 7
26 40 0.07670378684997559 3 3 4 7
26 42 0.0769205093383789 3 3 4 7
27 40 0.07852506637573242 3 3 4 8
27 46 0.14812302589416504 2 2 4 5
27 38 0.2975754737854004 4 3 5 7
27 42 0.08004021644592285 5 5 5 8
27 40 0.3798558712005615 4 3 5 7
27 37 0.06564116477966309 6 6 6 9
27 37 0.0778343677520752 4 4 5 9
27 42 0.07885217666625977 3 3 4 9
27 42 0.13327765464782715 3 3 4 7
27 44 1.3909461498260498 4 3 5 8
28 42 0.09743738174438477 3 3 4 8
28 40 0.08101868629455566 4 4 5 9
28 40 0.10766744613647461 5 5 6 8
28 43 0.08632993698120117 5 5 5 8
28 43 0.37014102935791016 4 3 5 8
28 45 0.1405489444732666 3 3 5 7
28 44 0.15183401107788086 4 4 5 8
28 42 0.09316730499267578 4 4 5 7
28 45 0.11001396179199219 4 4 5 8
28 43 0.10214591026306152 3 3 5 7
29 40 0.1971595287322998 4 4 6 8
29 44 0.15366077423095703 3 3 5 6
29 42 0.08092737197875977 7 7 7 9
29 46 5.669355154037476 4 3 5 7
29 47 0.1839580535888672 3 3 5 6
29 49 0.22173666954040527 3 2 4 6
29 44 0.46598386764526367 4 3 6 8
29 44 0.1270613670349121 3 3 4 6
29 44 0.1562175750732422 3 2 4 7
29 44 0.879894495010376 4 3 5 7
30 48 0.11003541946411133 3 3 4 8
30 44 0.11236882209777832 4 4 5 9
30 42 0.09295415878295898 7 7 8 10
30 45 0.8114399909973145 4 3 5 8
30 46 1.440284013748169 4 3 6 8
30 48 0.12423491477966309 3 3 4 7
30 44 1.1308810710906982 4 3 6 8
30 42 0.09193110466003418 5 5 5 11
30 45 0.09847617149353027 4 4 5 10
30 46 0.13803791999816895 3 3 5 7
31 45 0.1035466194152832 6 6 6 9
31 46 0.11344075202941895 6 6 6 9
31 45 0.0906522274017334 8 8 8 10
31 47 0.5589783191680908 4 3 5 10
31 45 0.12268471717834473 3 3 4 8
31 47 1.074784755706787 4 3 5 7
31 47 0.1204688549041748 4 4 5 9
31 46 20.796760082244873 4 3 5 6
31 46 0.11574339866638184 4 4 6 9
31 46 1.143413782119751 3 3 5 8
32 48 20.36828374862671 5 4 6 7
32 48 15.414498567581177 4 3 6 8
32 47 0.19919967651367188 3 3 5 9
32 51 1.8881676197052002 4 3 5 7
32 53 4.9904046058654785 4 3 6 9
32 45 0.17425847053527832 4 4 6 7
32 45 0.1304020881652832 5 5 6 8
32 49 0.1628870964050293 3 3 5 7
32 48 0.9617142677307129 4 3 6 8
32 50 0.1807858943939209 4 4 4 8
33 46 0.18009161949157715 4 4 5 9
33 51 1.521465539932251 4 3 5 8
33 53 0.22550439834594727 3 2 4 7
33 45 0.10733389854431152 5 5 5 12
33 52 0.17408490180969238 4 4 6 7
33 49 0.16284823417663574 4 4 6 8
33 47 0.15738296508789062 4 4 6 10
33 54 0.23558568954467773 3 2 4 7
33 52 4.106511354446411 4 3 6 7
33 51 0.1547408103942871 3 3 6 9
34 49 7.888371467590332 5 4 6 9
34 51 0.1949443817138672 5 5 6 10
34 58 6.51212215423584 4 2 5 7
34 57 0.3905978202819824 4 4 6 8
34 56 0.3034188747406006 3 2 5 8
34 54 10.944471836090088 4 3 6 8
34 50 0.18814992904663086 7 7 7 11
34 49 0.16867613792419434 4 4 5 10
34 53 4.321954250335693 4 3 5 7
34 50 0.992772102355957 4 3 6 8
35 55 0.36812710762023926 3 3 6 7
35 56 5.797909259796143 4 3 6 7
35 56 0.23646259307861328 4 4 5 8
35 55 0.20087289810180664 5 5 6 8
35 51 0.18408203125 3 3 6 9
35 53 0.21584582328796387 4 4 6 9
35 55 0.29650092124938965 4 4 5 9
35 54 5.272613048553467 4 3 5 7
35 53 7.899106979370117 4 3 4 8
35 53 0.24881672859191895 3 3 5 8
36 56 0.20638751983642578 4 4 7 9
36 55 3.620490789413452 4 3 6 9
36 59 26.63066053390503 4 3 5 8
36 57 66.40070986747742 5 3 6 8
36 61 0.4688270092010498 3 2 4 7
36 53 0.19149041175842285 7 7 8 10
36 58 3.1643013954162598 4 3 5 8
36 56 0.24503755569458008 4 4 5 7
36 58 3.4986093044281006 4 3 5 7
36 53 0.29181504249572754 4 4 6 7
37 49 0.22058796882629395 7 7 7 11
37 59 15.967338800430298 4 3 5 9
37 55 0.2107715606689453 5 5 6 10
37 59 6.200321197509766 4 3 5 7
37 58 12.387906074523926 4 3 6 9
37 56 0.24260973930358887 5 5 6 9
37 60 39.71216058731079 4 3 6 7
37 55 0.24430251121520996 5 5 6 9
37 58 0.26253342628479004 3 3 5 8
37 53 0.18884563446044922 5 5 5 12
38 59 2.3604941368103027 4 3 7 8
38 56 0.22951364517211914 5 5 6 10
38 62 5.864985942840576 4 3 5 8
38 59 4.070068836212158 4 3 5 10
38 61 4.121660470962524 4 3 6 8
38 60 17.383482933044434 4 3 6 7
38 59 0.2754251956939697 4 4 5 8
38 61 3.6011948585510254 4 3 6 7
38 55 0.4306023120880127 4 4 7 8
38 57 0.6006133556365967 3 3 5 6
39 56 38.71938180923462 6 6 7 10
39 59 1.5668730735778809 4 3 5 8
39 63 3.128309488296509 4 3 6 10
39 65 0.6184630393981934 3 2 4 6
39 58 0.2781944274902344 5 5 6 9
39 59 0.32153916358947754 6 6 7 9
39 60 49.330097913742065 5 4 6 8
39 63 9.828316688537598 4 3 6 8
39 57 0.2897937297821045 6 6 7 10
39 62 0.4952962398529053 3 3 5 8
40 64 1.3575537204742432 4 4 6 8
40 61 5.122622013092041 4 3 5 8
40 62 148.38236451148987 6 5 6 10
40 65 3.381444215774536 4 3 6 8
40 63 7.195950031280518 4 3 6 8
40 59 0.39633774757385254 5 5 6 8
40 61 0.7077672481536865 4 4 6 8
40 66 10.122015953063965 4 3 6 7
40 56 2.1099002361297607 6 6 8 10
40 55 0.21706843376159668 8 8 8 12
41 61 0.4272270202636719 4 4 6 9
41 61 0.3117997646331787 4 4 6 10
41 65 7.666844844818115 4 3 6 9
41 62 0.34128284454345703 4 4 5 10
41 59 0.8662352561950684 4 4 6 10
41 69 7.032297611236572 4 3 6 8
41 61 0.30779004096984863 7 7 7 11
41 60 0.7466716766357422 4 3 6 10
41 60 0.3026716709136963 6 6 6 11
41 62 0.29001832008361816 4 4 4 10
